n_bodies        5
timestep        3.65249999999999986e+00
tmax            3.65250000000000000e+04
output_interval 1
rmax            3.00000000000000000e+01
rsub            2.00000000000000000e+00
hsub            3
levtot          30
flag            0
rhill           0.00000000000000000e+00

1.00000000000000000e+00  7.96017526699589056e-03  0.00000000000000000e+00  0.00000000000000000e+00  0.00000000000000000e+00  5.41342270814362494e-05  0.00000000000000000e+00
1.00000000000000002e-03  -1.00203982473300401e+00  0.00000000000000000e+00  0.00000000000000000e+00  0.00000000000000000e+00  -1.88853681227011960e-02  0.00000000000000000e+00
1.00000000000000002e-03  -9.82039824733003996e-01  0.00000000000000000e+00  0.00000000000000000e+00  0.00000000000000000e+00  -1.54449483330114969e-02  0.00000000000000000e+00
1.00000000000000002e-03  -2.99584780876493983e+00  0.00000000000000000e+00  0.00000000000000000e+00  0.00000000000000000e+00  -1.26564956590492633e-02  0.00000000000000000e+00
1.00000000000000002e-03  -2.98024780876494022e+00  0.00000000000000000e+00  0.00000000000000000e+00  0.00000000000000000e+00  -7.14741496667428439e-03  0.00000000000000000e+00
