n_bodies        5
timestep        1.09574999999999996e+01
tmax            1.09575000000000000e+06
output_interval 1
rmax            3.00000000000000000e+00
rsub            2.00000000000000000e+00
hsub            4
levtot          30
flag            1
rhill           1.60623773340720843e+00

# mass              x                   y                   z                   vx                  vy                  vz
1.00000597682000003e+00  -9.61305404720277229e-03  3.07402393314534284e-01  1.32574098021415482e-01  -2.89829263898909906e-04  1.14280130944032767e-04  5.74368069852893937e-05
4.77393052021500008e-02  -3.51197835404720271e+00  -3.50958230668546545e+00  -1.41822220197858462e+00  5.36446073610109039e-03  -4.01061986905596694e-03  -1.84845319301471045e-03
1.42791866575499998e-02  9.06591834595279700e+00  -2.73843290668546535e+00  -1.51579670197858452e+00  1.39335073610109004e-03  4.94953013094403312e-03  1.98205680698528919e-03
2.18636582273000002e-03  8.30052894595279867e+00  -1.59827062066854655e+01  -7.11955370197858439e+00  3.25195073610109022e-03  1.48530013094403269e-03  6.07726806985289412e-04
2.58879569224500011e-03  1.14611535459527971e+01  -2.54220805066854680e+01  -1.06843715019785854e+01  2.59947073610109023e-03  1.25955013094403287e-03  4.54206806985289432e-04
