# MTR input generated by make_mtr_input_simple.py
# source IC : initial_conditions/INIT_moon.dat  (first 400 particles)
# units     : G=GNEWT; time/length/velocity NUMBERS equal problem
#             units (1 Roche orbit = 2*pi, Roche radius = 1);
#             only masses are rescaled: m = m_problem/GNEWT
#             (Earth = 3379.3806817705)
# dt(problem)=0.2  tmax(problem)=18.8496  rhill(problem)=0.059498

n_bodies        401
timestep        2.00000000000000011e-01
tmax            1.88495559215387587e+01
output_interval 1
rmax            3.00000000000000000e+00
rsub            2.00000000000000000e+00
hsub            3
levtot          30
flag            1
rhill           5.94979588139651835e-02

# mass x y z vx vy vz   (all numbers = problem units except mass = /GNEWT)
3.37938068177053538e+03 -5.90620467771909240e-04 -1.14755839788688351e-03 9.02241684978447346e-06 2.72655149752369392e-03 -2.70579253109110669e-04 1.91599441312785936e-05
1.92776064310510413e-02 -9.60198496611277319e-01 4.72511808047939408e-01 2.16432244540100266e-01 -4.30157926181384098e-01 -8.53834397341559748e-01 -3.51431131824685647e-02
1.17670954570114009e-02 -3.09726475403658441e-01 -6.90272014223169306e-01 -2.81151268808220271e-03 1.18945215861387354e+00 -1.85597229903232797e-01 2.96427410193222884e-01
1.30662172546244012e-03 9.50831153980775334e-01 3.93985820974135703e-01 -1.52804589967857535e-01 -5.40860766509715929e-01 7.73393040126934217e-01 2.88110799550582442e-01
8.68503999193344534e-01 4.73402926519476075e-01 1.84853496758714708e-01 2.33394208547764465e-01 -4.91276390761475501e-01 1.40233233598722107e+00 4.27451344998885874e-01
3.49525088312938395e-03 7.18295517210923662e-01 9.96222478500079833e-01 2.94163947510224510e-01 -7.53394239806769894e-01 4.21634530375525451e-01 5.35729298619748648e-02
9.56167522981454798e-03 -8.02605455595840511e-01 9.84482883214738536e-01 -3.68605391621483272e-02 -3.46514103723343680e-01 -7.19334642632550425e-01 -1.60837604618439614e-02
7.50445351201734726e-03 -1.15751357081716888e+00 -1.51012342779253073e-01 -2.01385855118377533e-01 5.26271356687115777e-02 -8.80271761997122648e-01 -1.89997592510066621e-01
2.65505065800829103e-03 3.34896412533969068e-01 -3.48706783504297069e-01 -4.99653404490412109e-02 1.35281305778573158e+00 9.09158300398451691e-01 -2.38589517153501213e-01
5.70610700893732573e-02 6.25590034832142483e-01 6.52455673111923762e-01 5.74938427816243033e-02 -8.02751503118627419e-01 3.93683995406442777e-01 3.10832938301544237e-01
1.89027462320255808e-02 9.14957918842025153e-01 5.45359391831466839e-02 1.11080274245341348e-02 -1.56346133399885623e-01 8.21589174197989158e-01 -3.07332344584108519e-01
5.54872040022046042e-01 -6.47083512695944663e-01 1.50938462092030129e-01 1.23376369334120287e-01 -9.94473623005250051e-02 -1.19062200224860604e+00 4.70507736578245184e-01
1.19477100545364503e-02 3.24072640772156084e-01 -1.26621490852495477e+00 6.11488150271566222e-01 6.61961657098075529e-01 6.95577679747077932e-02 2.23288974101958693e-01
6.97863960342950604e-03 -8.56584684429265497e-01 1.16323681822106811e-01 -5.65576838702303464e-01 -4.42013028023558907e-01 -9.55222077245506673e-01 8.09881789223085430e-02
7.62877614818350258e-01 -4.89562740763930193e-01 -1.08995514193234477e+00 9.97577299456895022e-02 7.09336407800398194e-01 -2.37888696755018114e-01 -1.81019135176047202e-01
1.10305730862912330e-03 6.55293603128872415e-01 4.99961824569468638e-01 2.43902492994291981e-01 -8.34109871441586992e-01 8.04824985060909048e-01 1.73212028126222481e-02
6.78849471974324437e-01 -6.61729790352588498e-01 8.45383807637680174e-01 -2.72026403954410412e-01 -6.04423798422026537e-01 -6.62288737305698705e-01 -2.64693764062183035e-01
2.55152590127028997e-03 -4.71846643472837335e-01 -5.79786519658545330e-01 2.62725695779172340e-02 8.82501717838879429e-01 -7.00712205989958425e-01 -5.14457107008192902e-02
4.92553071338965726e-02 1.04773458017919818e+00 7.93522063690848767e-01 -2.82608961284823261e-02 -5.12692253564013822e-01 6.17622842372588576e-01 -1.55880682149590000e-01
1.23006755529121584e-03 1.08950716157148708e+00 -4.37045977266972197e-01 -1.73434175785587813e-01 1.15362806281441493e-01 8.33106432826479892e-01 -3.28281032855678723e-01
5.04321864861103711e-02 -6.24488682722620925e-01 4.22210758057010693e-01 7.08852382330480008e-02 -7.26746397205052852e-01 -8.88864836034591987e-01 -7.98147650394504804e-02
1.48920345995538966e-01 2.80508899833284550e-03 -9.77430649795413165e-01 -8.86007021948065077e-02 1.01684504935597375e+00 -3.57023543866593629e-02 1.60111768629327793e-02
6.17965641317975468e-03 8.73803085442732885e-01 6.56547021214800242e-01 2.64668844212094023e-01 -4.62443054192455016e-01 7.80451333225082977e-01 2.22194454503583189e-01
3.27564054630194793e-02 -1.29316884077893191e+00 -7.35552222142133116e-01 -8.14471070436972727e-02 2.88597614708315686e-01 -5.31388673564558434e-01 -7.88916965209047333e-02
7.12812784644603209e-02 -1.12382338628084999e+00 -8.89262159347720543e-02 -4.02538923325697184e-01 -6.71905954084963813e-02 -6.60974500618626282e-01 4.75101159526223338e-01
1.86204592517830364e-01 -1.33509248793501317e-01 1.03575816855213310e+00 -5.45311606249734571e-02 -9.76529486104892208e-01 6.33737816687507949e-02 5.95863993441387851e-02
1.95998955354995091e-01 -4.46837675704417236e-01 6.74190058114060853e-01 3.01750994815664308e-01 -7.23849973981864903e-01 -6.07951553362378938e-01 2.16945005162913596e-01
6.43296230547323544e-01 -5.67264046818355849e-01 -4.36373784346899662e-01 -2.55617673687083991e-01 6.91465150909928883e-01 -9.46927815157385000e-01 2.26425066294818178e-01
1.19080819390542428e-03 -3.61545070070292129e-01 4.49648905763615103e-01 2.09992950767814684e-01 -8.94140577833998140e-01 -8.41821607953810003e-01 -7.11669658571007280e-01
9.09255050956892241e-02 -3.45850315542259645e-01 5.67880160172827386e-01 -2.18824173522188331e-01 -1.00084793035099140e+00 -8.35769375289381666e-01 1.64939358207681186e-01
1.65429872182472383e-02 -5.24560131014701891e-01 -9.50877580252418753e-01 -2.93153496675218755e-02 8.85627500950712632e-01 -5.11252807536603515e-01 -1.25064939946628401e-01
7.54914433813618002e-01 -7.76864834613747307e-02 1.14592116345886419e+00 -7.48410412873201231e-02 -9.22110813444554922e-01 -9.11693853762076123e-02 1.27554797983097490e-01
1.17003015117194895e-02 1.16906297318124602e-01 1.55182286164012218e+00 5.18576237805165152e-01 -5.87905512753599258e-01 1.59327166572722084e-01 -2.14022949410091617e-01
4.71007197297608968e-02 5.90597337130831734e-01 1.19479265091533926e+00 -1.78745100469399537e-01 -7.19717169644795041e-01 2.46895185313491999e-01 -1.77451385049628318e-01
2.16279891179679620e-02 -1.10297673327594681e+00 4.88211546422196996e-02 -3.11442002759377112e-01 4.88680562619930245e-02 -8.35996478637913709e-01 4.20760347893287479e-01
7.41447877957719520e-02 3.99903525575887264e-01 -3.69639390487165598e-01 -4.72898833341966612e-02 9.39488579788815836e-01 1.06214416879683005e+00 5.22715620805652037e-01
1.45790101950346931e-02 -1.31537238228694586e+00 -6.85257974405143244e-01 7.41190187641669468e-03 1.11130405032616203e-01 -6.76160631131773160e-01 3.14682393506934055e-01
6.22998666955130870e-02 1.37234547554151698e+00 -9.76624587660642890e-02 5.65291791222951923e-01 2.87795630452628126e-01 6.02964946371726929e-01 3.25510996032836800e-02
1.11263692254437510e-01 -3.42809639322202597e-01 1.03299434815456315e+00 -1.61755242895181839e-01 -7.57875272141847134e-01 -3.51739861336381021e-01 1.82868180428113203e-01
2.11217018488401576e-02 -1.24856958597987200e+00 3.85213687812362926e-01 3.35074947602003945e-02 6.71991597516072015e-02 -8.54919499993317511e-01 1.18392389571298884e-01
4.72043434025222974e-01 -1.17379948627303898e+00 -1.14371676047651993e+00 2.28869558773400872e-01 4.49429194069362936e-01 -4.32000809493539362e-01 -8.46415352118240483e-02
2.75721319015042376e-01 5.95108182615995629e-01 -1.24077230576424591e+00 1.27659866003467681e-01 5.92174816700540285e-01 2.53452060405079671e-01 1.84046690845891203e-01
1.15359620661500441e-02 5.73582414962462872e-01 -4.05985144847683166e-01 -3.33097584596355883e-02 4.56517573188005787e-01 1.12010009907870489e+00 1.13759533691175876e-01
4.55902559386041184e-01 7.41478709152590842e-01 8.28873929702410028e-01 -1.37829965608387922e-01 -4.67082859458581912e-01 7.87060580892113504e-01 -9.61089100677435665e-02
6.47921962975267079e-02 -9.99430003157807945e-02 -9.16897019864056806e-01 8.11856566481999053e-02 6.70699666280132001e-01 -6.34581585581728502e-01 -3.69942108098379352e-01
3.40988401861756982e-02 7.56097317198750507e-01 -9.87957735325519337e-01 3.49568428506396829e-03 6.01850511565451218e-01 5.62869412567691851e-01 1.49264473509990780e-01
5.43232210469026758e-03 -2.72563401998577426e-01 8.91604592282029040e-01 2.05543295132422366e-01 -7.88663229783570174e-01 -3.30365948226066242e-01 1.28179080316346589e-01
9.91742982985551191e-02 -2.99858497967854298e-01 3.52422836379200521e-01 -6.63175169030086470e-02 -1.42448123117242442e+00 -9.55859778829594053e-01 1.32827786253977981e-01
1.01642297831104570e-02 -1.16314478041114588e+00 7.94514780469298548e-02 -2.48568495918634613e-01 3.97941114189352629e-01 -8.27169569667787097e-01 -7.95183384002938476e-02
3.94760260537999563e-01 -4.82139886898981795e-01 2.84627385066555973e-02 -1.29338634057706320e-01 -3.91638908077539094e-01 -1.54010941111632205e+00 3.65445300747491042e-01
2.21158328589925096e-01 -2.42849421807923016e-01 -1.04801099258580677e+00 9.82870522134889069e-02 9.65152883512515936e-01 -2.52592745634881086e-02 1.35880139756175189e-01
1.29611279318465086e-03 4.46986696820668383e-01 -8.54074413319965031e-01 1.41445070102501156e-02 6.12324404664423616e-01 6.38655066731731336e-01 -5.24123092611169725e-02
1.27883207834533830e-01 -8.27528101360802903e-01 -1.01168731113137789e-01 -5.00190362304927111e-02 -1.25895440858162511e-01 -1.00066104398052413e+00 -3.29063457385590563e-01
6.61464203991899216e-03 -1.00934265599500583e+00 4.39697819832067127e-01 -4.05814809340586183e-02 -1.36678674725603216e-01 -9.44873329145005325e-01 7.68847849175129661e-02
8.43298329334841480e-03 -5.47161823913101975e-01 -6.41991740992032711e-01 4.18299456447272011e-01 6.53517497665661140e-01 -5.46515235517190390e-01 -2.07995652752726717e-02
4.53777032094729443e-02 7.78111073676106435e-01 1.90914491409625409e-01 4.33230781155069591e-02 -6.09172239555722528e-01 1.15032426670258103e+00 -5.42005978202242111e-02
4.99212324235916334e-03 -7.94654983885796473e-01 -8.83080572101221789e-02 1.12558511333024885e-01 1.95998422117232785e-01 -1.08158550948231502e+00 -2.48354020304420997e-01
1.33164537109761838e-01 7.24762947360253262e-01 -1.05654289026782089e+00 3.18174437075791017e-01 5.80649946592485144e-01 4.35325175866851155e-01 -3.20771838758207140e-01
2.91243499943450064e-03 -5.61281765108650799e-01 -4.19930012203420688e-01 4.89704222901505212e-02 7.27622224348051461e-01 -9.80023813214027428e-01 6.78270823561560043e-02
1.98871037572390857e-01 -1.07957814443885103e+00 6.18328963217244065e-01 -6.89383606127411674e-02 -3.71569888899589806e-01 -5.62058625792985933e-01 1.74772410322418692e-01
2.77636858569802636e-01 -1.22756827036083993e+00 4.44696712671747207e-01 -7.55263006762852546e-02 -3.93621410890404727e-02 -6.43718901386351572e-01 -9.05745158577309778e-03
1.16166225777744993e-03 -6.40049948573738092e-01 -5.01182877552493355e-01 -5.15196538124041203e-01 7.07262580218070869e-01 -7.35043809173148599e-01 -1.42877280559441322e-01
2.95570978195998108e-03 -7.35308881806816417e-01 -2.79965911761463293e-01 -2.22595868693857918e-01 5.62531936331355453e-01 -9.03900991666735210e-01 -1.51901572645517513e-01
1.69585346400813186e-01 1.15063876830126799e+00 2.14308762300283423e-01 -1.68986228980872621e-01 -3.67416448383945271e-01 8.49395403281067329e-01 1.32396412449430401e-01
2.98101537294870019e-03 1.03215670900761600e-01 -1.15771663522366386e+00 -2.38332897746054012e-01 6.82403945908456211e-01 1.03839605906178592e-01 3.73827668062913579e-02
9.49266443747119257e-03 -9.57988930482566836e-01 -1.23550798990611135e-02 -1.63499858280474336e-02 -5.52291575340159643e-02 -1.09217478558532100e+00 2.82894474861935086e-01
1.52975924433059046e-01 -7.22727252559697414e-02 -1.26401035973359877e+00 1.92781661252371367e-01 8.34073621417631639e-01 -6.30979827452657072e-02 -2.12367606389185420e-01
1.27253782415314820e-01 1.10615777086067602e+00 -1.40070634845106679e-01 -4.08811496569356919e-02 3.36291440871912095e-01 7.60743806500013053e-01 1.48621442847555796e-01
3.85291910644751726e-02 3.04165583560052688e-01 9.00869839985550480e-01 -1.53845170964065914e-01 -1.09077113033922735e+00 2.33574671021183983e-01 1.14883677594001476e-01
3.68958008211444644e-01 1.41164954924972080e-01 -1.16475281340202774e+00 -3.14064636665797176e-02 9.44289693880648984e-01 -3.97597727055881769e-02 -9.63526249511279381e-02
7.16588082754554268e-02 -1.25204688615211901e+00 1.97499902429383617e-01 -1.93552821873991837e-01 -1.78728554956103947e-03 -6.73659029386224795e-01 3.03098465714746294e-02
1.20489690019692161e-02 2.38661664269993815e-02 6.43023166009454750e-01 -2.37863550960982828e-01 -1.20992553028114336e+00 2.34020976095718591e-01 -7.87080501237233110e-02
5.57358527379947163e-02 -1.59799766839944102e+00 8.47267763485279102e-01 1.99445857542495275e-01 -1.66056689886278225e-01 -5.17782994687309484e-01 -1.78865204988490900e-01
1.35290116689596720e-03 -6.72089371456734086e-01 -1.82799574076711380e-01 1.61806439040088762e-01 2.57361818366883988e-01 -1.16524297133840204e+00 1.73669757348405202e-01
8.96086369422077866e-01 2.56632429975791165e-01 5.72287058799860748e-01 -1.96625167998039155e-02 -1.25808543029843345e+00 6.70335983525411128e-01 -5.02998581685130119e-01
1.23881185298906869e-02 -4.16983426118974709e-01 -3.88031214910416811e-01 1.33316748726876266e-01 1.02437383950042471e+00 -1.13050169415682000e+00 2.26183716652229305e-01
2.66416088124554230e-02 -4.48809025210139212e-01 -4.97463969906073666e-01 -4.93674675974042215e-02 7.41757978192911227e-01 -1.00413155836387413e+00 3.26022594750637551e-01
1.26687127591121611e-03 7.14101380857059098e-01 -1.17608527733055879e+00 4.50763505185879793e-02 5.87055281825390907e-01 2.75204790202010774e-01 1.47960104533775075e-02
6.00279007281402599e-01 -5.31363055462016232e-01 9.13595026283619105e-01 4.79687023430854301e-02 -7.97282453269414715e-01 -4.72617611277635352e-01 -2.59548543911534035e-01
1.13522609917053402e-01 3.81181574824443092e-01 -7.95836307537146959e-01 2.25617396008842286e-01 8.61594444216442601e-01 6.64366942844775821e-01 1.40510262454701385e-01
4.16005960730040855e-03 -8.11992709210862196e-01 -8.44771051665137773e-01 4.87781472588484588e-01 5.38307473469273545e-01 -6.10245112213285701e-01 1.37181916754813893e-01
4.73224050279444017e-03 3.01085573877860335e-02 1.11941361994588018e+00 -3.36329850003007184e-03 -8.48611355208480522e-01 2.16670792641960791e-01 -3.51942487463834108e-01
4.27396405868044754e-03 -7.48690908941373579e-01 -5.19306957849022602e-02 2.45726456622937656e-02 3.47546555431792636e-01 -1.11178319473949205e+00 -5.97504353280902539e-02
1.88614760639193137e-03 -5.86220372010530899e-01 -5.92578607316479822e-01 -2.52202983963171312e-01 4.62740088105582814e-01 -8.38776905468120115e-01 3.83784309755596742e-01
3.45580507690441296e-01 -4.43255592929790110e-01 -2.77260264623623923e-02 3.43031562031166082e-02 5.22236200290617569e-01 -1.65965529971169801e+00 6.18060890648751138e-01
3.26203071838891950e-03 4.64800152864046578e-01 6.08285209737823296e-01 -6.48058867756511362e-04 -6.86011999758822433e-01 8.94360776354202414e-01 2.70759662047592775e-01
9.24004376751013379e-02 1.16773576161561610e+00 -3.28013892584009259e-01 3.93700087612496086e-01 1.38861425083546181e-01 8.07190567681809523e-01 4.39776631858080774e-02
8.32595295059075473e-03 -1.08925915691031494e+00 1.10491718312497919e-01 -2.68857542226860313e-01 4.57502519900025828e-01 -8.09187403380213888e-01 7.29113440899546855e-02
4.08072328263385433e-03 3.04411844731779901e-01 -1.02711717287664683e+00 -6.62468886904106075e-02 8.21049612679431995e-01 2.68460471396204381e-01 6.70842492187342515e-02
3.28349147540738170e-02 4.43695515643862171e-01 7.17268457246878377e-01 -6.64623992049190593e-02 -7.99534468186578584e-01 6.29301150918025520e-01 -6.38987410044715848e-02
2.28130357739837926e-03 1.95699859519516489e-01 -8.79486922446569452e-01 -4.72991595016451993e-01 8.38323792777539212e-01 4.01638096194593175e-01 -4.79552144852047613e-01
2.48505476696852912e-01 7.65647016678086101e-01 8.12269011876244618e-02 -2.36771364207637336e-01 2.78707687462476483e-01 1.05202463115860989e+00 1.64026962430866091e-01
2.04915704441148844e-01 -1.10218878050959002e+00 4.93203961557431514e-01 3.23570838493824786e-01 -3.50767962627797469e-01 -6.76381794933421432e-01 -3.23556667458685443e-01
1.75246160513405809e-02 3.70660369723700478e-01 5.57324646350681796e-01 -3.96395959646890506e-01 -9.02359765728296015e-01 6.41572526252660036e-01 6.65666398135197790e-01
4.05208371353576013e-01 5.59906316279732530e-01 -9.93876600868677573e-01 1.42105970979336776e-01 5.70760999029496841e-01 6.60024042540585443e-01 2.69092931258260670e-01
1.93134585984744339e-01 -6.44974760310796591e-01 -5.27552267664996188e-01 -1.99269978188868213e-01 9.16627051000838522e-01 -6.73445612375621616e-01 -2.68007698191118859e-01
5.64851410704677540e-03 6.76369972989225021e-02 -7.92845697376367342e-01 -1.11476617854593812e-01 1.07026993878381860e+00 -9.84533315935141595e-02 1.32383501392141001e-01
2.81223212362637824e-03 -5.62200475328245131e-01 -5.41048157919553740e-01 1.43983361732561987e-01 1.03623857450096057e+00 -5.10620878253499999e-01 4.70316328769506548e-02
2.05603999327968329e-02 -6.53298111082704636e-01 9.05518364241310603e-01 -1.28964822359249415e-01 -5.29294235476778563e-01 -5.73761377533345884e-01 1.14619918936177373e-01
4.63520044449146518e-01 -4.01317152554548986e-02 1.27626614058423815e+00 -2.01160723326997137e-01 -6.57960249254100460e-01 4.73395603093781023e-02 -1.55928732430395817e-01
5.77993642308332389e-01 -6.96579546405063144e-01 -4.51314611926720635e-03 3.46986958445649534e-03 -3.63557556481577171e-01 -1.27257067633772003e+00 3.72316065423599740e-01
5.67288409059215487e-02 -2.22848112085190508e-01 -1.42109995248130283e+00 -1.58907966120130223e-01 7.58563629423415486e-01 6.36191205351457484e-02 1.03839941020652776e-01
4.51616620561200791e-02 5.53228697310331974e-01 6.84101406791259858e-01 3.22713164637143779e-01 -7.53337900977623875e-01 7.77919430587919014e-01 4.00395798159752792e-01
1.00086530863045860e-02 -1.06033734260806001e+00 -4.39878974245848098e-01 -5.21878533053294125e-01 3.60293810324075814e-01 -8.06693366888615815e-01 -1.16890208268769016e-01
2.76729624841546840e-01 1.50977706407501383e-01 7.51998657380137048e-01 4.22024409943481227e-01 -1.04144387393185434e+00 2.25784735628018096e-01 -2.78531279052226910e-01
1.94859315537363360e-02 -1.14595479139030099e+00 -1.28792800312132694e-01 2.96878335714476083e-01 -1.10170450255525701e-01 -8.53651729572236784e-01 -6.17641060765840022e-02
2.20986510277127682e-03 5.07055222906942049e-01 -5.46921650985509489e-01 2.80091559709394200e-01 8.31960894168809473e-01 7.07524724096063928e-01 -1.29118668084721000e-01
2.56714390245320612e-01 9.40990550790800906e-02 1.36597937023475824e+00 -1.85407556776282623e-01 -6.49796145000340886e-01 2.51881114381671045e-01 -1.68022626683874021e-01
3.56287803510321526e-03 -9.73096641096817955e-02 7.14473731401777834e-01 1.72778433530142383e-01 -1.24002619020110338e+00 -1.77541418132899420e-01 -9.18176111761603714e-02
8.76809957000040247e-02 -1.20591995488099601e+00 -1.40153492979854077e-01 4.17211605407025121e-01 -2.24590793419100557e-02 -6.52549290368146573e-01 1.16038823760719785e-02
1.27796981878247149e-02 -8.07663184455762240e-01 -8.24227603789508212e-01 -2.00881311023530629e-01 5.60226153585761444e-01 -4.79361681753864344e-01 6.69026316655069592e-02
3.14594822478040312e-02 1.71314520139417215e+00 -3.99157313335412156e-01 1.87569652589807068e-01 1.95753391327838672e-01 4.98971982484448462e-01 -5.08921401483937441e-02
6.30364884206245368e-01 -3.42529690689482524e-01 -1.02665364833033790e+00 7.53997537962723674e-02 6.69993460668787288e-01 -3.55214104443237755e-01 -2.69106427676593651e-01
7.07021744881801473e-01 8.64144891237851653e-01 5.87075698342874097e-01 -1.56258612981041239e-01 -7.00526601409577232e-01 4.88815874824787444e-01 4.81405487577726901e-02
1.35490849746928321e-01 1.06735418160967899e+00 4.57739090025676698e-01 -3.81890210249502704e-01 -1.89325693255833205e-01 8.06685278827180219e-01 1.17384308150864577e-01
1.25866695467641027e-02 -6.48613412532884293e-01 -1.89963135022011370e-01 -1.10863882987594808e-01 -1.42292437296360430e-01 -1.19332053341310806e+00 3.17865350465347585e-01
3.03617983985948053e-03 -1.10997394684820394e+00 8.99904894735941929e-01 -9.53484988343682449e-02 -3.77682207797577774e-01 -4.53930294947242463e-01 8.14473014639534171e-02
3.30004154144433477e-03 3.24584132383255175e-01 -9.47881894703918038e-01 7.28242322225673439e-03 7.44294725789984790e-01 3.56690690877659977e-01 4.06072148953937451e-01
2.95381931640639707e-03 -7.66848760009043562e-01 4.51513526453986291e-02 -3.57896089650471316e-01 -3.26423622517339862e-01 -1.09446395872079405e+00 1.16811238038646181e-01
2.79094150280944676e-02 -6.88015767284450797e-01 1.80303786848236025e+00 5.75983567036860600e-01 -3.79930273802954910e-01 -2.59511369315476914e-01 5.81159370751771001e-02
2.75413109394699283e-02 2.40482343236905094e-01 6.24631274063773279e-01 1.23539984858825183e-01 -1.18475915887476235e+00 2.65999362950223861e-01 -5.96604041258824602e-01
1.69124702534613654e-03 8.80961530310788721e-01 1.02517697796701013e+00 -2.12428730490509726e-01 -6.55711644497207868e-01 5.02683124476190679e-01 -2.21557702432689727e-02
1.50648491601027522e-03 -3.08689768359917266e-02 7.95145645471389551e-01 -1.63197470796181021e-01 -1.06105679663530039e+00 -2.13975955050519397e-02 -3.59019622943871242e-01
1.88365595327046664e-01 8.42258496991682093e-01 7.72297011192041416e-01 -1.78503727104675325e-01 -6.44746476472728980e-01 3.65243502824464050e-01 -1.32076112979396115e-01
1.21886779633653634e-02 6.33606206152537599e-01 -7.15838422440515654e-01 1.39413604276652281e-01 7.78987615999682803e-01 4.56589361976381669e-01 -1.42481461553669003e-01
2.27623708885972165e-01 -1.53795525147535528e-01 5.33530561312688389e-01 3.83537297865491691e-02 -1.56115727429367523e+00 -6.50116553988217948e-03 3.56364019408345445e-01
7.69568671468192966e-01 -5.70830406967348325e-01 -4.60820743173015801e-01 -2.22221484943642938e-01 7.26145068434213559e-01 -6.22257728572111479e-01 -8.30913297764749315e-01
5.59131954497986000e-02 8.06570284538193571e-01 -3.67839222362151996e-01 2.48986581051190869e-01 -6.63764354876274637e-02 8.37412368231244320e-01 4.33441954081881242e-01
2.32484147835582106e-01 5.91416990360077777e-01 8.70531477782584551e-01 -1.41477449054091237e-01 -8.57546018538723365e-01 2.92946395839633056e-01 5.91559739168885379e-02
2.91760220568127587e-02 4.51022567376758665e-01 -4.07538135222168807e-01 2.95050475129541231e-02 1.32133514568368171e+00 5.79413427063392161e-01 -3.62371395642956839e-01
1.94265417863893862e-02 -2.44616887340345507e-01 -7.25687536656737131e-01 -2.21170532966531219e-01 1.04097941857313270e+00 -1.69785608798597498e-01 1.59990034359320382e-02
3.41809562733741412e-02 -9.91092651878497266e-01 4.69953094636373803e-01 2.06670806810068559e-02 -5.20100974043171016e-01 -8.11091927957573677e-01 9.64199571813466882e-02
2.17429602486769374e-01 -7.48528609111667853e-01 5.48046613786234760e-01 1.47006425254093585e-04 -4.70328338633413112e-01 -8.58274970929794656e-01 4.27286588729863803e-02
1.76499019388752054e-03 -5.93894610098021025e-01 5.04684088888910698e-01 -9.17870731769583198e-02 -7.53074984660960234e-01 -8.22647811366144399e-01 -1.65934642356561912e-02
5.10179587308222035e-02 5.21839824736099578e-01 6.15763892833739557e-01 3.09106781162926114e-01 -6.61431301950278661e-01 1.02388763152253892e+00 2.20248559815011902e-01
2.85762979496196230e-02 1.15752768988009502e+00 -6.39076798748999586e-01 2.57546674726702729e-01 3.63700176076388104e-01 4.40489865932103875e-01 -9.63405985981287266e-02
4.62477132091501597e-01 -7.05292248242796349e-01 5.57361325715465483e-01 -1.60746916806040113e-01 -4.96169062429575480e-01 -8.36670362845524429e-01 1.41517077576272104e-01
2.89979264397388636e-03 -1.07146511283567203e+00 2.25807727769308020e-01 9.46064396571774935e-02 -8.86861878184066477e-02 -6.74041027026207717e-01 1.01073434916723673e-01
1.82834746413432507e-03 -1.09256803343278711e-01 1.75586866802826114e+00 -1.23690958877065910e-01 -4.67222743312697697e-01 2.07126124141777085e-01 1.94686020668915105e-01
4.98871883572493124e-02 -1.35930100244028984e+00 2.33766962181482213e-01 4.08445549726347223e-01 -2.03267028278107331e-01 -7.28152145624327618e-01 1.92303731489711999e-01
5.05206721256759139e-01 -7.15491485283186957e-01 -1.22650835571267680e+00 1.08917553325757893e-01 4.51433619301250810e-01 -5.32173019174052464e-01 -1.56039509998293413e-01
1.39741399672434923e-03 -5.43211010954367302e-01 4.54738078252289291e-01 -1.26772107675420131e-01 -9.60521796295852215e-01 -9.19325986950299212e-01 -2.75083323509143551e-01
2.74388843554201596e-03 -3.08411053037320804e-01 -8.76466803919433768e-01 3.95121127178903533e-02 9.22089198702908064e-01 -1.94569439123757515e-01 5.64317638679064509e-02
2.14315647025191611e-02 -1.31017387543979208e-01 1.11181545282788008e+00 2.88762829101012058e-02 -8.97411502974217012e-01 -3.56988184908011263e-01 -3.76806332262840105e-02
7.75022256677022847e-01 -5.02838058702581803e-01 3.60472030210132133e-01 -7.05100865225043866e-03 -8.97900735009686590e-01 -1.01167893733412195e+00 1.14347981210893374e-01
2.84003017289470652e-02 6.44486419732322791e-01 -4.70833981539851176e-01 -3.09516149303469823e-01 9.00443608154267605e-01 4.47272449323183885e-01 9.39586462615515927e-02
7.78768614492515110e-01 -2.27217327636068223e-01 -1.45188846409108385e+00 7.53762811956387613e-01 5.42208122832104511e-01 -2.76330984867034946e-01 -2.19265921738134195e-01
5.51354605816761680e-03 1.16155794223636799e+00 1.16881464347450525e+00 1.44923479981094977e-01 -5.25136925737483273e-01 3.62283145176845844e-01 -1.18450889372404122e-02
1.70259672218584263e-01 6.47589490917259814e-01 -2.95087438338602182e-01 -2.31891100078541912e-01 2.23932853678217969e-01 1.09460986740901101e+00 4.50598889772996392e-01
7.74505851753811703e-02 -6.19966945856744833e-01 5.32042552517654976e-01 -1.47582118395877347e-02 -8.30685447683542577e-01 -8.17555660241892523e-01 -2.36806339266845217e-01
5.30813920876226919e-01 -9.34310052497594579e-01 -5.69493582911822394e-01 3.47367639401870321e-01 4.38644576671594899e-01 -4.85901924009344455e-01 2.41492697102235393e-01
8.09936513011728365e-02 1.14676646932952209e+00 -1.37826203327011093e-01 3.24009050114171804e-01 3.65419264233137586e-01 7.75875961369110412e-01 -3.02004714380155526e-01
6.63642594100830735e-02 -5.74207402681752521e-01 4.19602864748667204e-01 -3.41408173706940557e-02 -6.92830207589951064e-01 -1.03238631452461993e+00 -1.65389707799565716e-01
1.17767304616259207e-02 -2.08407308538663016e-01 -6.65307425531731500e-01 -1.86708397938206039e-01 1.31739373323348574e+00 -1.30566629757117497e-01 -2.05860566359363312e-01
4.34534503865460706e-02 2.53442850797842789e-01 -1.05020637524712379e+00 7.88389901978231965e-03 7.05085162505852292e-01 3.01440437009111051e-01 -2.20835406039215816e-02
3.97702157620549224e-01 1.06362921600048299e+00 3.18495284299616044e-01 -5.89058595087513126e-01 -4.83089022634838383e-01 6.01837673982557497e-01 9.58111528063145951e-02
2.26479217536899730e-02 5.13365381241001950e-01 4.19403372064804797e-02 -3.08990525640507156e-02 -6.85487942002980799e-02 1.59461480101611697e+00 3.63334229951323001e-02
2.50071257551231114e-02 5.13114114796194620e-01 1.03396715637461911e+00 -2.25253259503302716e-01 -7.70975155490647768e-01 3.19871909658215881e-01 6.98239819506057124e-02
3.01353295052157084e-02 1.07821673831104703e+00 -3.30388402141532297e-02 2.79035739990139087e-01 -2.02541939738349830e-01 8.08962459434740877e-01 -1.13866906654686420e-01
7.75870649327583678e-02 -6.99159088807766338e-01 2.63026633589831527e-01 -7.89941271783999033e-02 -7.41950839612122270e-01 -7.67753309325691635e-01 -4.67288969745461635e-01
1.61170096053785059e-02 -5.30923285173977799e-01 3.29219057166101503e-01 -1.74213365638498124e-01 -1.03601050166501629e+00 -8.33167267449081983e-01 -3.73064056007263833e-01
2.39382353014791580e-03 1.49963805428977692e-01 -9.28189991028896100e-01 3.99132962890115128e-01 8.73127778235197827e-01 2.03927381728902096e-01 1.63825493359855884e-01
1.98842007519061791e-03 -7.33302501010473784e-01 5.01797134391047117e-01 9.85276153695905516e-02 -3.50597574416271707e-01 -9.26442889812423842e-01 -1.37809535058587201e-01
1.05964973659237825e-02 -1.07164539908083989e+00 -2.01794176252346080e-01 -4.06369870373049724e-01 -1.56525822489277627e-01 -9.00947187871936062e-01 1.88777643182467897e-01
4.19398552148939618e-02 9.41936464527027839e-01 -9.63580757727669379e-01 -1.56391989950190519e-01 4.43012390149240487e-01 5.64439216311410252e-01 3.75323983665380556e-01
5.39075934116097555e-01 9.64934902295377150e-01 -3.01994339683339774e-01 9.50961098991155995e-02 4.56593486293404793e-01 6.21463927768108881e-01 1.15022698719318583e-01
3.07690300113236739e-03 1.06206610658367717e+00 1.03320340474522521e+00 2.39219641967059332e-02 -4.63895963366908082e-01 3.11803784867707656e-01 -2.63321158693059942e-01
4.24116774032698776e-03 8.27360920150199131e-01 -7.40433510167659792e-01 -2.40792288612154751e-02 3.92123526509375597e-01 4.81518296848137350e-01 -5.67874698297326397e-01
3.55489027077877766e-03 5.49804374850430988e-01 1.18624216788924416e-01 4.10393759950761841e-02 -3.24258154240481600e-01 1.43098145333711990e+00 -1.47463993583019010e-01
6.66582589907992462e-01 4.62207064512457577e-01 -7.94731603255537378e-01 2.48027808166384367e-01 7.85803599545526810e-01 4.30127553525886774e-01 -2.90702189821734035e-02
1.96774016968703884e-02 -9.78717870744504337e-01 -5.58972730268768148e-01 -5.70993835344163619e-02 6.03244435002128654e-01 -4.45553034846758012e-01 1.77709651047873868e-02
1.25781063789613245e-02 5.50534722788615705e-01 -1.23217846370989292e+00 -9.22120298057256399e-02 7.93599480008824631e-01 2.45892233499394985e-01 1.08163710221534579e-01
1.08712692439426957e-03 -7.72701582210904458e-01 3.56365165125804795e-01 -2.99316637925872639e-02 -3.09223696535688375e-01 -9.93019478012903245e-01 -1.59353672771573501e-01
2.78920300146791346e-02 -9.43651785316234504e-01 -1.06604541017822485e+00 2.55032360550986326e-01 4.49958724298538504e-01 -5.67047049739100584e-01 -8.11733484363873908e-02
3.25559007421872895e-02 -5.64130883636977831e-01 6.55518214415637512e-01 8.27737981842029263e-02 -9.88360067443461277e-01 -2.00132507835769718e-01 2.41236711128946679e-01
2.44661133500307954e-03 -1.34509781751756785e+00 6.20198355113309008e-01 4.54112005956435916e-01 -1.02295844153639709e-01 -6.54824268423655820e-01 2.50917823146598468e-02
1.03919112184504038e-02 -9.67269257545637529e-01 -3.51849882720742357e-01 -2.70375096112781210e-01 3.65460518689978031e-01 -6.10384897980362329e-01 8.39053443890124540e-02
2.09108928412106571e-02 7.79487494336114195e-01 4.59624111928503110e-01 5.75272084347291240e-03 -6.24191166350409832e-01 8.08033701134692306e-01 1.82857981786378881e-01
7.56892619335416544e-02 9.09825420020925479e-01 -4.83107659123741984e-01 1.88540900111433374e-01 5.12596509441939019e-01 7.88154819233751525e-01 -2.93332657318396361e-01
3.88093163170772238e-03 -1.04745339995725084e+00 -1.36860903932270772e+00 9.62075882555629924e-01 3.35426295874461489e-01 -2.21219717721899217e-01 -8.51866377602303187e-02
3.04308643481676078e-01 1.08145579796733404e+00 4.67552298463659644e-01 -1.15791130989525218e-01 -1.08070201866839702e-01 7.28377680101279901e-01 2.93018070428701483e-01
7.02922793703826543e-02 1.00618115426873511e+00 -1.13650753891692680e+00 1.67617613118013264e-01 5.75427702421479004e-01 4.08697904949657076e-01 1.60323491109116284e-01
1.26139829639323048e-01 -7.53342982362155911e-01 2.23550981289473510e-01 1.43646647553911461e-01 -2.15946155738258927e-01 -1.14129055684283909e+00 2.05392415204539602e-01
1.26737545698969362e-01 -5.65384727817398347e-01 6.38468682687667100e-01 -2.26138640329675622e-01 -4.72897832730917400e-01 -1.02570273133031398e+00 -4.29155557781191188e-02
3.43805379626816159e-03 6.00692912180914473e-01 3.14827788319848104e-02 -4.66632256659338607e-01 5.11483783611417497e-02 1.18607181747309598e+00 4.15926383063379354e-02
4.63767084492080692e-03 -9.30007083437066839e-01 4.76457850912143543e-01 -1.65555215837713932e-01 -4.04486893436488970e-01 -8.06752103491825912e-01 1.66440766627459102e-01
4.40851234479551421e-02 -5.13889920512222820e-01 -1.03083215330834888e+00 -2.96912615410765655e-02 5.54891963206219252e-01 -4.91938661769667662e-01 2.63442647913373185e-01
7.47006019629797846e-02 -9.95478447519195092e-02 7.08548930121618903e-01 -4.93432911390763118e-01 -1.19013985131749034e+00 1.60372778705221680e-01 2.22716996212870305e-01
2.12895760118895494e-01 -5.91179542290731774e-01 7.15147620128540051e-01 -1.61587368309331625e-01 -8.13516569725590388e-01 -6.42108381364384639e-01 8.77684683944581490e-02
4.79896328109127995e-02 3.55146296826678476e-01 7.17914020448224943e-01 2.97239936914835079e-01 -1.15094637696929736e+00 7.14727702616447663e-02 3.62682748870122973e-01
2.13305738999057221e-01 -6.23281435125659991e-02 7.86833659442105482e-01 4.27744182375989490e-01 -1.02451783215272729e+00 4.09972430238666974e-01 1.27919874316374693e-01
1.76040757904201667e-03 -5.83276003722710379e-01 -4.64366348449427369e-01 -4.21563515792657065e-02 6.39997224498621398e-01 -6.71263594924336182e-01 -6.79035747404199030e-01
3.13804088669071210e-02 -2.89323547512620294e-01 -6.01963021633514450e-01 -1.22718568886897708e-01 1.18038875817824973e+00 -6.41348930766758363e-01 1.50588024077547584e-02
2.62150599466471970e-02 5.33800835601529911e-01 -5.74721367858666787e-01 2.46712350464892372e-01 6.21086346046581972e-01 8.34490434263128966e-01 3.92579738309790482e-01
1.01836171089113581e-02 2.90874250526469480e-01 5.08833846881611152e-01 -3.56006854117215721e-01 -1.29932344887575235e+00 -1.89400961419987801e-01 -3.79306245335378923e-03
3.87333250274032106e-02 -4.00559824691809792e-03 9.31164436375934379e-01 -1.99469298434710313e-01 -8.96443642844068966e-01 -3.88331965729951045e-01 -6.64051065957896036e-02
1.08846961584046480e-02 4.32885167064708976e-01 4.34193801422299019e-01 -1.78880892899351218e-01 -1.02131277178061830e+00 8.48462867196443593e-01 -6.83004364087481664e-02
3.69471836482009605e-03 3.49071978970280195e-01 2.93020920614779301e-01 1.41046375402055363e-01 -1.12597206229476332e+00 1.10065613983663790e+00 9.25964193938756397e-01
9.37627991067871945e-03 8.94475752823434417e-02 -7.55369631979169065e-01 -1.59121479327259618e-01 1.09173705187745962e+00 -9.16944742598109347e-02 5.13967981543492353e-02
3.49142470467005001e-02 -8.28677702349217338e-01 -3.10685125016435193e-01 -3.62171493570456970e-01 4.88301659033688995e-01 -9.45152664611539239e-01 -7.48003982714319088e-02
1.51186942999825425e-02 5.26749708136153405e-01 6.40521006626459055e-01 1.25533098976414764e-01 -9.28595728374217444e-01 6.49012035525210917e-01 8.16251502305652132e-02
5.07743011504713793e-01 3.07729589641297374e-01 1.26981601069350925e+00 -3.38689561117676619e-01 -7.18927560484238226e-01 1.74865021220535377e-01 -3.49159340731082513e-01
3.26394972909678938e-03 -9.45807450816292694e-01 3.10932572686927533e-01 1.44232856505493279e-01 -2.58418495363295586e-01 -9.14158967682040302e-01 -7.33747036751643527e-03
4.50771549334854249e-01 -3.07058278087983805e-01 4.45821812741304391e-01 -3.01798435127202946e-02 -1.24167072485673535e+00 -9.51927937317202710e-01 5.20666581038404380e-02
1.15772662589854196e-03 -6.31399625623628613e-01 -2.73316001925288210e-01 -1.73045590436741448e-02 4.48215051809070286e-01 -1.21743583365569408e+00 -9.30248650668428073e-02
7.39556720535912947e-03 -8.39746215553141218e-01 -7.65443653017244818e-01 3.68548528012357934e-02 7.06836463078448718e-01 -5.28475514212677799e-01 1.58348173429781497e-01
3.32934613732369933e-02 3.20324379812834570e-01 -9.40468271939568279e-01 -1.73025289026881413e-01 8.53632506752477038e-01 5.40727601361254862e-01 -5.37579643482859401e-02
7.04811083401709948e-01 9.01634639608067667e-01 5.18049791451568264e-01 -6.22401821312882242e-01 -3.14438759849653471e-01 5.08016511399928872e-01 1.28039089082001095e-01
3.88915107302749505e-03 9.22206296009879689e-01 3.48220185410855032e-01 -2.52651641090401891e-01 -4.84638280263235466e-01 6.74041858623163015e-01 -4.29876595146058360e-01
3.06855855149747864e-02 5.22483640070128930e-01 9.88844660986703428e-01 -2.66044228521174347e-02 -8.08239216231653512e-01 4.82288098589836844e-01 -3.32272323160188621e-01
3.25203266283354345e-02 2.17892431171764378e-01 1.16479189106357528e+00 -1.94441551745178215e-01 -7.51909673744844409e-01 -1.10752513075257505e-01 1.04732256701809273e-01
1.00841072371056151e+00 5.03724688283703426e-01 9.49479267711935970e-02 -1.57426590926360646e-02 -7.51880569248383868e-01 1.40251783003950892e+00 2.76837978107754679e-01
5.00741291924752696e-01 -1.18463654746392488e+00 4.24004461333398197e-01 4.16628506169973226e-02 3.15683094075996026e-02 -5.72182052060664637e-01 2.58090824992575740e-01
3.22168147830926557e-03 -6.44946430682079686e-01 -4.43916690357392008e-01 -1.56660252851209339e-02 4.62524009312328233e-01 -9.64307140350220027e-01 3.59116623811044783e-02
2.36915844643703244e-01 5.34653683945613079e-01 4.24523257277015342e-01 -7.31772822227912123e-02 -8.94047626945274843e-01 8.63529368831761124e-01 2.28640744667320400e-01
1.98862562864833645e-03 -2.61657766656692936e-01 9.59767576984201121e-01 -3.48085767980712557e-02 -9.63849389973056248e-01 -3.71007456850862116e-01 2.52759067627947483e-04
1.12031782973600145e-02 1.48115599767162986e-01 6.66807588681443186e-01 2.60112349569529389e-01 -1.06450972021171730e+00 -1.45475377022542207e-01 -4.08801769646933932e-01
5.32699074596601041e-01 8.70050437860167003e-01 -7.77446187810708622e-01 3.18613017711510793e-01 4.72752966867926117e-01 5.91281507122164540e-01 6.67245042619213913e-02
3.30667521130823761e-01 1.03271500029419802e-01 -1.13492092856454874e+00 -1.15590075584576207e-01 7.21537534698832084e-01 4.21704772826902441e-01 -9.15580037670837427e-02
6.50672085320783741e-03 9.98688630384560017e-01 7.18374900587416709e-01 1.20255086159363651e-02 -1.32943265132570952e-02 7.88632240278063557e-01 6.80882904028795310e-02
2.13569369543761128e-01 6.88241311903751041e-01 1.11900815788883223e+00 7.10646745042128186e-02 -5.41991813796910304e-01 4.59126499486236239e-01 7.71481448509611506e-02
1.97580767012068897e-03 4.24495019053347661e-02 -5.82935014561046905e-01 -6.80692106803505032e-02 1.46917069041025372e+00 2.96650163122225474e-01 1.76653553933669188e-01
1.67584855266863786e-01 -1.17806273866683497e+00 2.66702758057192124e-01 1.95270484871798877e-01 -1.83017254492393380e-02 -7.21375113740767016e-01 6.06426638692499076e-02
4.67702858648078146e-01 1.01196989813685212e+00 2.95424309828454301e-01 1.85686820267006086e-01 -4.63679653286466098e-01 5.50497662689409251e-01 3.54596541793557485e-01
3.66401073301941216e-01 3.52005570857735706e-01 4.11126021219165194e-01 1.25752047325979888e-01 -6.90382634828398234e-01 1.34720489407233890e+00 1.42934382154971590e-01
9.51083161347175632e-01 1.06891771869070107e+00 4.46966838704257630e-01 8.82661591435757870e-02 -1.47747761165774927e-01 8.41952490846005097e-01 -9.05735872576099998e-02
1.01024029350820013e-02 8.70785983099157113e-01 8.54781204134178241e-01 5.75051216146084676e-01 -5.75099215617937420e-01 4.04381293432526989e-01 5.47052710674941003e-02
1.69876664971839696e-02 -1.21487667186602000e+00 2.10293512320330854e-02 6.22784554127919110e-01 1.46206729349960179e-01 -8.06897824688918575e-01 9.39724387596963945e-02
5.53854960061836606e-03 -3.82528820293383698e-01 -4.92637051619945976e-01 -8.27199606763956014e-02 1.11705751585162871e+00 -5.81818386575080448e-01 5.63503250389511323e-01
2.97303345705866758e-02 -6.03038307464293988e-01 -1.32395908369255189e+00 1.88684846857320662e-02 7.51356779153726118e-01 -1.21006598779922314e-01 -7.59171905398087904e-02
5.23366181016740151e-01 -1.95535533480162227e-01 1.01849211009938911e+00 -3.45285119627199988e-01 -7.94342394996536583e-01 -1.03499517510297304e-01 -1.29979384639707318e-01
6.00235237511086671e-03 -1.70406982456478784e+00 -8.83015774735223524e-01 -1.30209332090112123e-01 3.45263058933698519e-01 -2.74674993817542346e-01 3.52463753174809408e-02
6.43244443365055367e-03 -1.12492344100250596e+00 5.41262329949682375e-01 -2.65006703662599638e-02 -2.39874406354770531e-01 -7.51300566775285894e-01 -1.55361630400335321e-01
4.75762752311437599e-03 -1.04350392397015002e+00 7.96634855878490256e-01 5.07459729686038585e-01 -6.25427720765762585e-01 -4.26320713071661250e-01 2.14565697368990504e-01
8.48885921822461198e-02 4.01327407204423170e-01 1.42041104030729826e+00 1.18656661207335382e-01 -6.29692298315190024e-01 7.94621058340188174e-02 -1.51985471990447707e-01
2.01937159238397721e-03 6.43044942460786695e-01 -1.87912170678651180e-01 -8.76061106036027382e-02 4.07778118046669524e-01 1.21180814358678401e+00 8.32226124548794272e-02
5.73670275205436907e-03 1.67408273884017689e-01 -5.98906339137199595e-01 -1.91652065858877230e-01 1.05172474357998369e+00 9.98880158462344681e-01 3.87346192197254080e-01
9.28699780261826521e-03 2.00245535901147381e-01 -1.21917882846815484e+00 5.78201159569011303e-01 7.42766501160941561e-01 -2.19848613276383414e-01 1.11252869479727678e-02
6.48099180606781077e-03 -6.36265292370491120e-01 3.50488975083183107e-01 -8.44996539949911529e-02 -6.97356252001046117e-01 -1.02488726604121294e+00 -1.66747446440422303e-01
2.31707275956926279e-01 -5.79389525700818475e-01 1.74013395071466015e-01 5.88953337977019334e-02 -5.50356966282868787e-01 -1.33650465683654396e+00 4.16712704642887954e-01
6.79639824886118626e-01 -1.19702873379588692e+00 -1.91329338467208176e-01 -1.13371798308670418e-01 3.43939155807001629e-01 -8.39442506290552504e-01 1.42187069757241186e-01
6.24868544436298513e-03 6.28039699770531090e-01 -8.61581442705813605e-01 5.55955354435010651e-01 6.70583037516401914e-01 1.57044837285692490e-01 -3.50370011930478112e-03
1.06571218183789429e+00 6.67170269013531270e-01 6.97345687047510987e-01 5.17256730731421727e-02 -8.29298574057912630e-01 5.29960248806165102e-01 3.32316463360911654e-02
9.04502908194712019e-02 -9.30299021008875959e-01 3.99442349642940508e-01 -3.18941419769983511e-02 -3.14361149648248406e-01 -8.27342158487579526e-01 -5.26275184019102560e-01
7.53101836028185687e-03 6.49911124931099593e-02 7.98877346022045631e-01 -1.09363155820826619e-01 -1.12688672028408732e+00 3.02148759696316382e-01 3.42391802653925437e-01
1.44417494558330838e-03 -3.19430869743349999e-01 -6.98098698287527464e-01 -1.85561865094256428e-01 1.02009455412420569e+00 -3.40181597112294065e-01 -1.10481696280321021e-02
4.13858253608296242e-02 -6.72680933543757575e-01 6.73537458454345428e-01 1.41964902106341967e-01 -6.00463390863673063e-01 -7.46222490624228518e-01 -9.44816023444272346e-02
2.31897717269267736e-02 9.41082702352099898e-01 -6.88677348664117561e-01 2.37586320269449786e-01 4.25574462819621302e-01 6.21755894167178247e-01 4.46857396183402977e-01
1.92170748834544769e-02 -1.28317294134905918e-01 -7.14129481897878837e-01 3.74789330613583105e-01 1.07654729556828865e+00 3.99537222908915635e-01 -2.81891042362239830e-01
7.61693758224828432e-01 -2.78495078546930730e-01 1.39263957226503821e+00 2.43836322043894188e-01 -6.17391054386735805e-01 -1.73474549651190413e-01 -1.03347142447910822e-01
4.33379859320278948e-01 1.17986092141709698e+00 6.10798018054570235e-01 -4.22259874938327659e-02 -6.39326955094913330e-01 4.90391181080098271e-01 -7.92253726826227522e-02
1.97754644633010949e-02 -7.93938256046654134e-01 -7.51877651348137221e-01 -2.07016623790337417e-01 7.91886642948301134e-01 -6.24543363838347521e-01 -8.20509814657942177e-02
1.17153660729252805e-03 9.31600607960598404e-01 -4.12932773514280371e-01 1.95246832588929470e-01 3.81485488143446683e-01 8.06318198027807465e-01 6.44299813872715177e-02
1.34837433962757616e-02 -4.00656041456103340e-01 -9.63017611816800456e-01 1.41852087115052372e-01 9.31706692011563420e-01 -5.19945270240349325e-02 2.04640484456545202e-01
6.13192233344889929e-03 -9.52075964549232934e-01 1.38339728675841811e+00 -2.36058545965151766e-02 -3.60389944192575196e-01 -3.26711363626551010e-01 -6.11579892453625960e-03
8.21741358049277310e-02 -9.39997549068461169e-02 6.25150041874717233e-01 5.71542720792255626e-02 -1.22153000746547824e+00 4.72357687176636343e-01 4.40894629380679970e-01
5.00798536459229685e-02 6.91246453067155486e-01 -6.65588306062142032e-01 1.75774071969287182e-01 5.57802955845252746e-01 6.28644794576994181e-01 1.41812820963286082e-02
1.01519932080222905e-01 -7.84104837280026445e-01 -5.16964693531566488e-01 2.51890510934284217e-01 9.44792396841865778e-01 -5.49232041759478595e-01 8.24181383103173154e-02
1.38925603405872539e-01 -1.88540852990472824e-01 -7.13496130601864675e-01 -1.52312319456692130e-01 1.07738489935230874e+00 1.91123733540981888e-01 -4.39210567699227228e-01
3.40416340977690440e-02 7.84003837580395047e-01 7.08696505630112272e-02 -8.75902857097201476e-02 -1.09805954833681010e-01 9.05378384830469285e-01 5.42503913789399550e-01
4.21532643620051422e-03 -6.07778435933261529e-01 1.26198331069580028e+00 -4.12304215368992588e-01 -6.87581958810812410e-01 -3.31262529869619349e-01 -6.82476648289785520e-02
3.21375438941886790e-02 -9.94274385155747731e-01 -1.12786000917115681e+00 -8.25443254892868350e-02 4.95745495126980629e-01 -4.09337872105837330e-01 1.73886595727079485e-01
1.02256569772860212e-01 -4.17992125696835026e-01 -9.70733780766761867e-01 -3.41878676997896924e-01 6.53354561189881777e-01 -3.10508026536557347e-01 -7.67732117921206547e-02
5.25911301008006649e-01 9.70080487462355978e-01 -2.88438563142705162e-01 2.53630224973220575e-01 6.06982095273866928e-01 7.49928490507207668e-01 6.38004935702952830e-02
2.85813597942121744e-01 1.20289625464220906e+00 -2.01330930094100191e-01 -1.61035191837912040e-01 1.83213154420261093e-01 8.94431183127472051e-01 9.09915032888883868e-02
1.06961570553170926e+00 5.76154516859469168e-01 -1.17788897236297374e+00 1.38387732191465079e-01 4.88878661533468595e-01 3.89433686121683886e-01 -8.41543262358242922e-02
2.63306381918594311e-02 -7.91962601770284991e-01 -3.09462757413782708e-01 1.67517479343751968e-01 4.79336938897604384e-02 -1.12064721044774296e+00 -1.13778528668463025e-01
1.55403210594420491e-03 1.34723929143868304e+00 3.88747403755652032e-01 -6.13685512070876113e-02 -2.96575840251535772e-01 5.50086148385172224e-01 1.43883788519219180e-01
2.04266662077944167e-02 -1.48815474366060824e-01 -1.62231907585938484e+00 1.68002368170509481e-01 5.06458402280330899e-01 2.36137388015798977e-01 2.18129406926337699e-01
1.18642974699524964e-03 1.06467659094851119e+00 -6.77017324157439759e-01 4.36032578866438925e-01 4.20189775092200291e-01 6.48199781220891946e-01 3.54891482675721237e-01
4.91415117564929314e-03 6.87289694925096173e-01 -1.06616327558995683e+00 -1.89503047960062537e-01 4.62756202144005313e-01 4.74659572769528082e-01 1.65658276161125884e-01
9.46420643184845201e-01 4.61725276409272967e-01 9.27349726645216976e-01 -2.38016511930739638e-01 -8.02035535916558406e-01 5.07988794151549516e-01 1.19152988781652883e-01
2.51634848754156383e-03 -6.46322497411459307e-01 -7.79494260649138959e-01 -2.45081869745332158e-02 8.89859794921268543e-01 -2.47792046134187205e-01 -4.29122854085844940e-01
9.41102447063007497e-02 -9.38805027254174251e-01 1.17330422344676562e-02 -6.51586948500037511e-02 -5.52355298470083855e-02 -9.04137302239592655e-01 2.18370780986486185e-01
3.57691999191633303e-01 1.45886652167725117e+00 8.11199610806498494e-01 -5.50691778205800175e-02 -3.71931570130417999e-01 3.85225758002725238e-01 -2.72226484436529137e-01
7.01181289353052933e-02 6.14202409186462406e-01 -8.88231969258535980e-01 -8.21533014064453337e-02 5.38355023536034261e-01 6.22986477613786338e-01 1.01653480098886934e-03
3.63065406651478075e-03 -5.11496660211000598e-01 -6.43987432615939381e-01 -1.30668958271124430e-01 8.39710923578323221e-01 -7.34773178581666242e-01 -9.34106209075656196e-02
4.00878431622792228e-02 -1.28687340440357390e+00 6.81765451939277622e-01 2.70987539770716324e-01 -5.80469666862463263e-01 -4.33264005100275962e-01 1.61063106675382095e-01
6.26158325485306512e-03 7.45601019441399782e-01 -2.54555597319917892e-01 1.38045063934831763e-01 -1.41159085599015605e-01 1.02504147929266387e+00 -2.67898402309615646e-01
2.37964138028215928e-02 -2.84471589505328679e-02 6.54729693106641752e-01 3.67151419547086105e-02 -1.17526345088953832e+00 -6.13572133944132014e-01 -5.80919234524361616e-02
7.23908050411841003e-02 -5.51759448993150659e-01 -7.68774784881584017e-01 -2.66525026940014120e-01 7.52337336019325842e-01 -4.94244923831844263e-01 -9.21981645334186140e-02
1.16238877053977153e-02 -9.02004628154632448e-01 -7.42069685003773905e-01 1.68044771540866361e-01 1.93725390116180674e-01 -8.72442767658483609e-01 -1.10804727176996617e-01
7.09887690934564181e-03 -4.97989371109205849e-03 1.23228210875632715e+00 1.50020098729820583e-01 -7.03813457570274692e-01 -3.46768554337075763e-01 -6.52934228388162702e-02
9.60792165728797887e-01 7.36523292258593365e-01 -1.95081232143848836e-02 2.94027790459195359e-02 3.44156244050744520e-01 1.14541477157941496e+00 -4.20639231891366649e-01
7.74075875405229492e-03 -5.85649399912050894e-01 1.18810689276824410e+00 -5.71576718839453157e-01 -5.69776365970903198e-01 -3.85646082912373844e-01 1.47681742918092079e-01
1.78457037669386151e-03 5.36741844986335481e-01 4.47756735743968737e-01 -8.48447436823035195e-02 -9.69549002484814682e-01 7.66779836594230546e-01 -1.35186156269742203e-01
6.62944117894411628e-02 -7.60537007246002927e-01 1.09251110067889415e-01 3.19331977254468879e-01 9.25866217850785864e-03 -1.08287618425625598e+00 -3.88944523067486711e-02
5.23280329110497201e-03 2.27896230849450293e-01 7.34208973584464242e-01 8.45532633029294350e-02 -1.05417249589200335e+00 4.18978659333223258e-01 -8.16252574380730289e-02
1.35599689371155804e-03 1.17252758378129007e+00 -2.70837121577749196e-01 -2.71007980706912621e-01 2.60136362222860629e-01 7.80102691623673961e-01 7.63807912123510013e-02
2.83714773618510101e-02 5.69960517271869138e-01 -6.40903219317648709e-01 -3.71206744142416112e-01 8.11879683230082416e-01 6.14505356800053359e-01 -9.35701578310211141e-02
8.64989677285182140e-03 -1.12217786401761388e+00 4.71544259593021708e-01 -3.88010859704846778e-02 -1.17947266880421398e-01 -8.18142249733847970e-01 1.29418170436919194e-01
5.15552269173861349e-03 1.29825031144088299e+00 -7.05114006401799220e-01 -3.71584193381841621e-01 3.28757882171158589e-01 5.91502753810543624e-01 -9.84143967913463369e-02
9.53806656282781162e-01 -2.55112991957823332e-01 7.50504972422095240e-01 -2.76187567906527320e-01 -9.47479168190230814e-01 -2.47673434110926405e-01 -3.16771404284591163e-01
1.96712455067677219e-02 -8.17638204438555193e-03 -7.10110037607740274e-01 1.48425648522147374e-01 1.17805125829680168e+00 4.38452596673649775e-01 4.51117825911304560e-01
2.38546636527137812e-01 7.29884553092398858e-01 5.33189967992700131e-01 -7.79522067566078142e-02 -3.27106497399390905e-01 8.44148769191396364e-01 4.45893649395919078e-01
3.27784241629641315e-01 -1.11239779427593999e-01 -1.16293318868459683e+00 1.84103244615065165e-01 7.16517672830359054e-01 -2.07482914252584610e-01 1.93917178263253373e-02
3.30148413759288146e-03 7.13136515064040966e-01 5.02334789826397454e-01 -1.36588504019011237e-01 -9.64755781138557644e-01 6.05669269560358381e-01 -5.63542912715754088e-02
1.43070443948565551e-01 1.28575904738140312e+00 -5.54291657348936706e-01 -3.30143924024378976e-01 2.10084066531855074e-01 5.17822711403384761e-01 2.96439679762170449e-01
1.72090344616526142e-01 -8.43950005670934256e-01 -1.35967674787512871e-01 1.00028068661499686e-01 3.45785003745219033e-01 -9.15926522611972049e-01 1.28287385584984481e-01
3.33192726512467757e-02 -1.02267331578808895e+00 -6.72089761303933164e-01 -1.65205195656666332e-01 2.72628079337003393e-01 -7.34066865133408575e-01 -1.91895249660041817e-01
2.98484286536963590e-03 -1.39674335952791911e-01 9.83864096529335486e-01 -8.64640243072254261e-02 -9.55638507431076700e-01 2.20118203069491702e-01 2.23014320092467688e-01
1.12623764505094081e-03 -6.26617602381042471e-01 -1.18138188937146382e+00 4.12303358134910036e-02 5.68997749599017499e-01 -4.43346464816990360e-01 -2.70047729850188656e-01
1.32427026253719465e-01 -6.50807987769482232e-01 -8.75753082840881325e-02 -1.04029782233982418e-01 -1.86212936025946657e-02 -1.26955377611349407e+00 2.43777887419038303e-01
8.08831239910030725e-02 -3.09998104988294491e-02 -5.70963624877537046e-01 9.05522008050858168e-02 1.51977375769006562e+00 -1.76593597608303815e-01 7.14373868280153840e-02
3.12491230881406686e-02 3.00397286877702396e-01 4.05799256205434944e-01 1.10388943901632189e-01 -1.25407852946229137e+00 9.45469857894240762e-01 -3.34580621017733559e-01
3.79866664970027121e-02 4.27379926908461161e-01 7.98936603572800275e-01 -2.72652732014505184e-01 -6.21951110995620837e-01 8.11110330684872038e-01 -1.66696609011225821e-02
1.63959784304091583e-02 7.59422629483517464e-01 4.69294500978895135e-01 -6.53853841202708813e-02 -5.35327299876401264e-01 7.17902563247024839e-01 -1.54894711292807602e-01
8.18428503721331524e-03 4.73883652589369098e-01 -3.54526812711523864e-01 1.55363096436540865e-01 8.88018162415910028e-01 1.21864230075479396e+00 3.27670085999969413e-02
5.78925474502661221e-03 4.15239829037459096e-01 1.24617692569819627e+00 2.63768062050787622e-01 -7.91594260107034597e-01 1.67222276091082978e-01 -1.85685951116748515e-01
2.26625500035377639e-02 1.56293554751717201e+00 5.42749165626153496e-01 -6.92656548282914314e-02 -3.22867270421827723e-02 5.38350556057988650e-01 -1.41711964526633899e-01
2.72711086993168705e-02 4.16309652219434001e-01 9.42046608871151103e-01 -3.21816898354826908e-01 -9.17652383674974148e-01 3.51735272745341554e-01 -2.44019629377584119e-01
2.98008900193293255e-03 8.03550337176771268e-01 -2.40887945503095197e-01 1.56529501317708986e-01 2.31243685957658374e-01 9.96095710186047256e-01 3.15944347895375177e-01
7.60614991996050177e-02 -7.35773662302471210e-01 6.03031487708190150e-01 -1.50613667533717216e-01 -6.65657269335259705e-01 -6.08302612432313983e-01 -2.73133303463187926e-01
1.83126353069577891e-01 -3.15705103707497992e-01 8.48218877620857015e-01 8.27788187298262174e-02 -9.25156023845965736e-01 -4.12944907759663526e-01 1.02330322449472974e-01
4.72766861416883399e-01 1.23164535106413497e+00 -1.05444072438117212e-02 -5.10132169481577136e-01 1.24811188135055401e-01 8.07969641726752341e-01 -1.19848608117392424e-01
1.88390632413962880e-02 -3.90895850026845626e-01 5.30045237431958749e-01 5.23941673757818832e-02 -9.69034236215570277e-01 -9.00982625808772197e-01 -1.34953161158918200e-01
1.87269701284678181e-01 -9.93227875252684411e-01 4.68651973687547241e-01 2.73274731630604395e-01 -3.05934209487733096e-02 -8.24114349731081441e-01 1.06562296396076575e-01
8.91102556791080122e-03 -1.72477684209873666e-02 -5.84652813858916431e-01 -2.43626125806818833e-01 1.28011106478082359e+00 -3.14238777277389858e-01 1.18342494781199278e-01
2.02627400615604858e-01 -4.29059386076793225e-01 7.02299519837514041e-01 2.69956037583919228e-01 -6.71992282117816031e-01 -7.66744883424894663e-01 -4.83418798635568747e-01
1.82705351644727787e-01 -7.30332667544290159e-01 -1.00721573447356220e-02 -2.58027985775623581e-01 -2.90938198860631714e-01 -1.08720978314523498e+00 -6.36583838999356444e-01
3.33202499663740492e-01 6.85658432116140970e-01 -8.16060306550218523e-02 -1.03458589591802708e-01 3.53842573677864036e-01 1.19801113669883597e+00 5.29324700437566298e-01
1.29888520672153701e-01 -7.18596385589702180e-01 -3.59486452438739001e-01 1.80727042098975582e-01 8.06614982001241487e-01 -8.76840789308983015e-01 -1.54287609927330621e-01
5.36853892717851500e-02 -3.50465080449588240e-01 -1.17952770622341485e+00 -2.19244432048450233e-01 6.42202158852964500e-01 -1.20737093528272707e-01 4.80370503362583579e-01
4.59024991291131917e-02 -7.82404911917424561e-01 7.66677411978205381e-01 1.15694696797584082e-01 -5.59345011618184507e-01 -8.20007941409877539e-01 2.63007677038877979e-02
7.02298655399532980e-03 5.41323342721855560e-01 1.06833705590553918e+00 2.12110113102210979e-01 -5.94062723600690568e-01 5.35326568210177656e-01 1.73784716986538079e-01
1.69574945074612640e-02 -5.67804054860264418e-01 -1.00760522370528918e-01 -8.17150545688988261e-03 3.56381899660445089e-01 -1.48094378355323708e+00 1.54917129934249082e-01
6.74945587696916816e-02 8.34235896291810164e-01 -3.02999012383467103e-01 8.34423976481729335e-02 1.70493494253879274e-01 9.81859869313337019e-01 3.52294473064414970e-01
7.87918688485756726e-03 8.76106841665457381e-01 1.77954795949956224e-01 1.85371943950566276e-01 -5.70747783028150546e-01 1.00726099636138899e+00 2.34095972797802088e-01
1.17013480610658152e-01 -1.06720811150265393e+00 7.31509414069806629e-01 -6.06723901461540871e-01 -2.75023314731927204e-01 -6.60124600814577689e-01 -2.55937772961517124e-02
7.44642984543496256e-03 1.38000552552113698e+00 3.34249890951969830e-01 -1.72493336271754769e-02 -2.11430404892054224e-01 7.26818351571585142e-01 1.50784660129462900e-01
5.68421299503297228e-02 1.34807799008820806e+00 2.61937646416271930e-01 3.31195192884277179e-01 -2.81558395911915005e-01 7.17885616217193268e-01 5.28360810419293558e-02
7.39716126118053312e-03 -8.39173523583377046e-01 -9.37190897986559968e-01 -9.58045669788702148e-02 5.27527799369019057e-01 -4.99323877942964622e-01 -7.67619693866083003e-02
1.27663662415631110e-03 6.04553100485569650e-01 -8.63412078978861741e-01 9.24277685926947062e-02 8.39877755748598798e-01 4.47720723967327150e-01 -1.42418922852245805e-01
1.25091014276688928e-03 1.31071536428684010e+00 -1.04391873538604485e+00 -2.96175811562157221e-01 4.41041662157963921e-01 4.46258688252706481e-01 8.74137406608155726e-02
6.71423715074168870e-01 -5.56488785089073179e-01 5.93224637663639309e-01 2.75136696153044980e-01 -4.65030522450149586e-01 -9.52382507109921561e-01 2.12948642938781581e-02
2.10728947820000481e-03 -9.36626074426378241e-01 2.50037569238345525e-01 1.64050756256219135e-02 -2.40887486191061123e-01 -1.01108328689995597e+00 -2.42387199187793327e-02
1.78098084221981062e-02 3.42181396232339508e-01 2.84709657345708633e-01 -1.28505921450109722e-01 -1.42024864089739444e+00 9.18729011964397824e-01 2.70061435115750870e-01
6.51694433262041059e-03 2.29333878199979579e-01 6.42637817140409462e-01 -2.62890095129630907e-01 -8.81595793557948260e-01 8.12072890267973913e-01 1.66195469219184988e-01
4.14732721061246857e-03 -2.31381183375334795e-02 -9.71262343139983497e-01 6.45847709078260918e-02 1.06393760160505768e+00 -4.67662276863887033e-02 1.90995813931553682e-01
7.88070218221347159e-03 9.98904907351495175e-01 -5.76475005390350709e-02 -1.29451951273858612e-01 -4.08987576042202511e-02 8.22948283026427974e-01 3.76685176759466944e-01
2.90401880273844643e-03 -1.26652178680022587e+00 8.92118553691612082e-01 1.73181800098049066e-01 -4.59440229101477693e-01 -4.77509011308003217e-01 3.83537545226715904e-02
3.07183071294639225e-02 -9.61641612426153203e-01 5.03317415456632555e-01 5.26837717662649307e-01 -6.21006719871124435e-01 -5.98661964832883919e-01 -2.92952599113202039e-01
2.84277404889959173e-01 -4.81061246109049045e-01 9.22534245354855176e-01 1.31011533115251572e-01 -6.18624305215204950e-01 -6.64759629438165467e-01 3.07895904216058391e-02
2.63882439950092196e-02 -7.94015196576952215e-02 1.31783618157715221e+00 3.72683850995036842e-02 -7.42146244106849151e-01 -3.27912313915996845e-01 1.30174576681884202e-01
7.04368763822750932e-01 -1.20425844458752884e+00 -6.68983241697102105e-01 -6.69495640420187527e-02 2.89634263790283786e-01 -7.05771849647504279e-01 1.82471167246303301e-01
2.17896084417956281e-03 1.01540028467872201e+00 3.62117562511815205e-01 5.23819851280703408e-01 -3.37878261269491997e-01 7.83716144811490656e-01 1.32784133661041581e-01
1.35340193060167119e-01 8.75837030424673757e-01 -6.36133310878980063e-01 -4.83807799487318002e-01 5.85544434812717784e-01 4.67564071890172739e-01 -9.90305945102911145e-02
1.33812902627563016e-02 8.99664256033630205e-01 4.95537511071097725e-01 -2.60572318414252380e-01 -3.69906153317403674e-01 8.31377485271453609e-01 2.21738959765073601e-01
1.20272795132428667e-02 -4.17460684895611334e-01 7.01515640262240558e-01 -7.19856719051142346e-02 -1.05076590290779537e+00 -4.49418915282399356e-01 8.36913200605467027e-03
5.33104342773503721e-03 -1.06973386484513489e+00 -3.52547276293864009e-01 -1.56292836625598441e-03 3.85012730549979913e-03 -7.55737921203641250e-01 9.95202336140425942e-02
1.21853683889742975e-02 -5.13773897162595250e-01 -1.42570792620479980e+00 5.26961519801706690e-01 6.69884246266127859e-01 -1.12973853364730509e-01 2.67727606991218989e-02
2.94786081488487839e-03 -4.86709548964557537e-01 6.08305814107818366e-01 -3.63633377133578371e-03 -7.03337335110078565e-01 -9.40900881835242231e-01 1.44577388293029296e-01
1.14395603946833065e-02 6.25380026640188769e-01 -5.89696488191022716e-01 -2.99964735363737411e-01 5.42182625346974478e-01 7.92024120673541221e-01 1.93549042242236402e-01
1.95324584812600260e-01 8.64214415043993212e-01 -3.88540474501146371e-01 1.37761265355921175e-01 8.42685540433759761e-01 6.32326539217582750e-01 9.12594329301700397e-02
5.82477330417703089e-03 7.15494750343885655e-01 -7.11728837845686968e-01 -3.52535062330167404e-01 5.39207041902108886e-01 7.27576770433723374e-01 1.88543020644719395e-01
8.82761107227437058e-01 -1.93264237733508509e-01 -1.86245338947635686e+00 -1.23186738332528412e-01 5.13013335057842190e-01 4.51613078627412148e-03 -5.05677904987327301e-02
4.80225938694118670e-01 2.38133450440417171e-01 5.76065248156130250e-01 8.69393320795600472e-02 -1.16888145064421645e+00 8.76299459755830790e-01 -4.92755322719108241e-02
1.98820026206605743e-02 8.85591123071110431e-01 -1.28165006075089782e+00 -7.21375401470123884e-02 4.99216592278632909e-01 1.42552130512633601e-01 -5.39765475023195745e-02
7.96196648219219157e-03 4.23247546617927906e-01 -7.20279187330946868e-01 1.42031051378106676e-01 9.04302834390445009e-01 3.94372680262390363e-01 5.94782178220851998e-01
5.74377734581743016e-02 1.07474651851210612e+00 -4.10973772106130397e-01 -4.10622334748518211e-02 3.87663057449684434e-01 5.80987640620427737e-01 9.19692804459183721e-03
7.33917670576505598e-03 5.10539466558465604e-01 -5.51325068548017994e-01 -7.83164026448257278e-02 7.41596118126618631e-01 8.41874584205162368e-01 2.18278232550116580e-01
6.43506721389641972e-03 6.59003067149731225e-01 -2.93526252475268756e-01 1.78245728612700556e-02 4.31290961380902726e-01 1.07956992973686194e+00 -1.59527024482651103e-01
1.23354620883742092e-02 -5.13241052387088170e-01 1.97449381236682431e-01 1.86626537690026961e-01 -6.83284335457557734e-01 -1.26068260336163607e+00 5.68922101528227309e-01
1.76770271207908919e-01 7.03030854337520883e-01 -7.85640759667271871e-01 2.00440409305790955e-02 5.90828547214918065e-01 5.72998076942443424e-01 1.27749919971020087e-01
7.91089936164124548e-03 -1.61266961883910320e-01 -9.27002277296920640e-01 1.30707329423082969e-01 1.00678533340666565e+00 -2.02084962394251222e-01 -1.36622629192730105e-01
3.97494133234406397e-02 2.00589266820886986e-01 1.05707602628577124e+00 -2.21466648606434419e-01 -6.69090391665257411e-01 6.48723389240685844e-01 -2.63200828974122336e-01
2.68907037141460003e-03 -2.08515453180947684e-02 9.13995276831872205e-01 -1.17210943617151814e-01 -1.05003833514468026e+00 3.87058885118017171e-01 3.22411401307945503e-02
2.45523996697019492e-01 -3.48711926192663835e-01 7.65891166632135967e-01 2.87434727922486977e-01 -8.51140985012860840e-01 -6.78713447749546672e-01 -2.90678310544216112e-01
1.95035254152401832e-02 -9.91967719610477805e-01 1.12647499767678627e+00 2.09516355707513674e-01 -5.23375510575080027e-01 -2.14620323936065505e-01 2.09408525188415184e-01
1.00250632379748506e-02 -9.02806095046593149e-01 -3.55720651005983102e-01 -1.80528940685747818e-01 2.72780836894385592e-01 -9.60881386541058591e-01 -2.31115091568772912e-01
2.75742649572532118e-02 -1.07885687324003110e-01 5.62187307347636223e-01 2.74438969359098617e-01 -1.49019953596769938e+00 -2.52175004973314965e-01 -6.92141093279637770e-02
2.47193431861954596e-03 -9.64234356345118448e-01 1.16696771087024018e-01 -1.08448304106291915e-01 -5.26585392896394278e-01 -8.44346134229510104e-01 -1.17424217954637650e-03
4.67602877653639781e-01 -5.32729754034745762e-01 3.08422186781819596e-01 -2.03353550278511236e-01 -1.03610247185675441e+00 -8.39558391424033101e-01 1.56246139905015902e-01
9.08025524335842084e-03 6.29264910774979036e-01 -5.43952555935591775e-01 6.66339166531354221e-02 5.43502070131658632e-01 9.84435635111843288e-01 3.77169095299377977e-01
1.52585985403305754e-02 -1.45074144135324090e+00 4.29762527506112602e-01 -2.53627891046511011e-01 -3.90427526761543076e-01 -5.47990154084151304e-01 2.29091159218586193e-01
2.64290295852335306e-03 -1.87899090410499431e-01 7.73997321190690202e-01 3.99361934829067268e-03 -1.09083830120220737e+00 -4.25200002279812361e-01 7.10510158192396574e-02
1.89538213442361670e-03 1.81275080905904773e-01 4.66044637371807735e-01 -1.10800000449531505e-01 -1.33678419162890538e+00 4.40349457960687973e-01 7.94995251247792245e-01
1.20406246160307540e-01 7.41219397498315891e-01 -5.73118294713537924e-01 -4.24984127253440758e-02 3.46212116912985035e-01 8.68149731192234264e-01 -2.86601264777553211e-01
7.88876845719955755e-01 9.34866720091171444e-01 8.18921290365488691e-02 1.89956207668295768e-01 -5.63879202247959066e-01 7.42761741426552158e-01 -2.54310052667081121e-01
1.67018737790295586e-02 2.04903788145279625e-02 8.61085271696877652e-01 3.24529741528823190e-01 -9.13807644807419273e-01 4.94738521319504077e-01 5.13835221492698682e-02
5.22089947048804542e-03 -1.29649532800240386e+00 -3.88290264486029157e-01 -3.98403757161621574e-01 4.12405012598932239e-02 -6.89488300285043154e-01 -1.57736497316126101e-01
3.29554798615827454e-02 -2.06006180478516931e-01 -5.58873215209431451e-01 3.74204790425909720e-02 1.30021786604151357e+00 -4.81548858588140449e-01 -5.17467874316508203e-01
1.01501159854897223e-02 -8.06178565527408408e-01 5.52461883943364929e-01 2.28658278859804470e-01 -5.64828303453234537e-01 -5.14895731593626560e-01 -8.77988185676371741e-02
6.63447622091224987e-01 -3.48494304948029132e-01 7.96478504837564105e-01 -3.42589763197597014e-02 -1.01725656056119029e+00 -3.29258897219720015e-01 1.84828188073709099e-01
2.12279500279442083e-02 -3.13523711117681625e-01 -7.89992938372002351e-01 -8.20345513094459661e-02 1.17091313872513769e+00 -3.81302714183005265e-01 -6.23204795746396395e-02
2.45178782595516565e-01 1.13371823567558505e+00 -6.36228485579873992e-01 -4.07699415013046407e-01 2.10379778683059487e-01 6.77580562997196933e-01 2.74848999097914437e-01
4.31471469909830818e-01 4.90446479764499108e-02 9.04886926967814031e-01 4.86171726575450991e-01 -9.32478416200434812e-01 3.10692720064858763e-01 -1.75021064465281900e-01
7.23712688980289540e-03 7.71491395961041548e-01 -5.26980668184018120e-01 -2.91965644921031220e-01 9.03071313239764306e-01 5.26802247816648417e-01 -2.25027632061746696e-01
6.11189178255531540e-01 -7.04880717823939018e-01 -6.37359770780950297e-01 -3.05747998409066669e-02 5.03001444424232114e-01 -9.40940826488470883e-01 -2.84743478517716642e-01
2.40436991691437396e-01 1.09904140430656616e+00 -9.16367406366090792e-02 -1.87962657897720320e-01 1.55847225235080572e-01 8.61480562464352340e-01 -3.59871489341335032e-02
8.44566580806297221e-03 -1.00780166032667085e+00 1.87290441992239626e-01 -2.19437520756405935e-01 -1.12979336638074301e-01 -9.78427215241133852e-01 -1.87799834647430636e-02
5.70776026985069483e-03 -2.43164572503167808e-01 7.82286913821961138e-01 1.62953197662000976e-01 -9.27806253121817304e-01 -2.16616907057978314e-01 4.92397393711486386e-01
1.35904120895686382e-03 -9.48460282705736013e-01 -3.94340458083627776e-01 1.06000943474156589e-01 8.12366119140791806e-03 -1.01469737044555997e+00 4.82780892159535985e-02
1.96790674095876240e-03 -9.98617550014031519e-01 -3.12132249132703765e-01 2.94761606270509645e-02 -2.65215177500717103e-01 -9.16134858731694757e-01 1.14942164944588171e-01
1.16887151700364577e-03 1.06060251633945501e+00 -3.51195076751348867e-01 1.99500423802557475e-01 3.18096000976394122e-01 9.13671804080881556e-01 -5.08451543578945647e-02
5.75894059667808045e-02 -6.13190514427480737e-02 -7.26223052282497505e-01 -2.34898281972094419e-01 1.03137267953376766e+00 2.21900172083757091e-01 -5.72306936523018783e-01
4.07504531586603658e-01 -6.88283821568033694e-01 5.86805804438261802e-01 1.13946862919083250e-02 -5.58969860227915394e-01 -7.86613382816137463e-01 -4.37501752507399241e-02
2.30191912905314613e-03 5.91445880700487911e-02 -7.61275738920874523e-01 3.29781434654028635e-02 1.10951633115895465e+00 -2.84859247058742049e-01 -1.77655764441046721e-01
2.65613753202912813e-02 -7.63149715196228096e-01 -5.60062642714588277e-01 1.82893746310982680e-01 5.27000408120568253e-01 -4.56433932768228412e-01 -7.42976628195074928e-01
6.14659915241908064e-02 4.46552237526662565e-01 1.14511178623043511e-01 -1.39823384136019448e-02 -2.85530270432003574e-01 1.60220225071263589e+00 7.77568879393168655e-01
5.66739795950253408e-02 -2.39422970621136696e-02 -5.52900106196903218e-01 -1.08471648778066213e-01 1.56071599922413173e+00 -2.45854444365308400e-01 -2.52359546079136909e-01
dt_snap         1.0
