# MTR input generated by make_mtr_input_simple.py
# source IC : initial_conditions/INIT_moon.dat  (first 50 particles)
# units     : G=GNEWT; time/length/velocity NUMBERS equal problem
#             units (1 Roche orbit = 2*pi, Roche radius = 1);
#             only masses are rescaled: m = m_problem/GNEWT
#             (Earth = 3379.3806817705)
# dt(problem)=0.2  tmax(problem)=18.8496  rhill(problem)=0.0543917

n_bodies        51
timestep        2.00000000000000011e-01
tmax            1.88495559215387587e+01
output_interval 1
rmax            3.00000000000000000e+00
rsub            2.00000000000000000e+00
hsub            3
levtot          30
flag            1
rhill           5.43916704927409067e-02

# mass x y z vx vy vz   (all numbers = problem units except mass = /GNEWT)
3.37938068177053538e+03 5.01203900436926063e-04 -7.02100800354443029e-05 2.01199404083050855e-06 2.52973551412223965e-04 4.35471422144911250e-04 -2.55211230640091206e-04
1.92776064310510413e-02 -9.59106672243068448e-01 4.73589156365790853e-01 2.16425234117291310e-01 -4.32631504127495570e-01 -8.53128346666305659e-01 -3.54174843572399312e-02
1.17670954570114009e-02 -3.08634651035449570e-01 -6.89194665905317860e-01 -2.81852311089115636e-03 1.18697858066776218e+00 -1.84891179227978764e-01 2.96153039018451525e-01
1.30662172546244012e-03 9.51922978348984206e-01 3.95063169291987148e-01 -1.52811600390666491e-01 -5.43334344455827400e-01 7.74099090802188305e-01 2.87836428375811082e-01
8.68503999193344534e-01 4.74494750887684946e-01 1.85930845076566154e-01 2.33387198124955508e-01 -4.93749968707586973e-01 1.40303838666247493e+00 4.27176973824114514e-01
3.49525088312938395e-03 7.19387341579132533e-01 9.97299826817931279e-01 2.94156937087415526e-01 -7.55867817752881366e-01 4.22340581050779484e-01 5.32985586872034983e-02
9.56167522981454798e-03 -8.01513631227631640e-01 9.85560231532589981e-01 -3.68675495849572765e-02 -3.48987681669455152e-01 -7.18628591957296337e-01 -1.63581316366153313e-02
7.50445351201734726e-03 -1.15642174644896012e+00 -1.49934994461401627e-01 -2.01392865541186489e-01 5.01535577226001061e-02 -8.79565711321868560e-01 -1.90271963684838008e-01
2.65505065800829103e-03 3.35988236902177939e-01 -3.47629435186445623e-01 -4.99723508718501602e-02 1.35033947983962022e+00 9.09864351073705779e-01 -2.38863888328272600e-01
5.70610700893732573e-02 6.26681859200351354e-01 6.53533021429775207e-01 5.74868323588153540e-02 -8.05225081064738890e-01 3.94390046081696810e-01 3.10558567126772878e-01
1.89027462320255808e-02 9.16049743210234024e-01 5.56132875009981223e-02 1.11010170017251802e-02 -1.58819711345997094e-01 8.22295224873243247e-01 -3.07606715758879878e-01
5.54872040022046042e-01 -6.45991688327735791e-01 1.52015810409881574e-01 1.23369358911311330e-01 -1.01920940246636477e-01 -1.18991595157335217e+00 4.70233365403473824e-01
1.19477100545364503e-02 3.25164465140364956e-01 -1.26513756020710333e+00 6.11481139848757294e-01 6.59488079151964057e-01 7.02638186499618123e-02 2.23014602927187305e-01
6.97863960342950604e-03 -8.55492860061056626e-01 1.17401030139958257e-01 -5.65583849125112392e-01 -4.44486605969670379e-01 -9.54516026570252585e-01 8.07138077475371696e-02
7.62877614818350258e-01 -4.88470916395721322e-01 -1.08887779361449333e+00 9.97507195228805460e-02 7.06862829854286723e-01 -2.37182646079764081e-01 -1.81293506350818590e-01
1.10305730862912330e-03 6.56385427497081286e-01 5.01039172887320028e-01 2.43895482571483024e-01 -8.36583449387698463e-01 8.05531035736163137e-01 1.70468316378508782e-02
6.78849471974324437e-01 -6.60637965984379627e-01 8.46461155955531619e-01 -2.72033414377219396e-01 -6.06897376368138008e-01 -6.61582686630444616e-01 -2.64968135236954394e-01
2.55152590127028997e-03 -4.70754819104628464e-01 -5.78709171340693884e-01 2.62655591551082812e-02 8.80028139892767958e-01 -7.00006155314704337e-01 -5.17200818755906566e-02
4.92553071338965726e-02 1.04882640454740694e+00 7.94599412008700212e-01 -2.82679065512912789e-02 -5.15165831510125294e-01 6.18328893047842665e-01 -1.56155053324361387e-01
1.23006755529121584e-03 1.09059898593969584e+00 -4.35968628949120751e-01 -1.73441186208396769e-01 1.12889228335330022e-01 8.33812483501733981e-01 -3.28555404030450082e-01
5.04321864861103711e-02 -6.23396858354412053e-01 4.23288106374862139e-01 7.08782278102390445e-02 -7.29219975151164324e-01 -8.88158785359337899e-01 -8.00891362142218538e-02
1.48920345995538966e-01 3.89691336654168080e-03 -9.76353301477561719e-01 -8.86077126176154639e-02 1.01437147140986239e+00 -3.49963037114053438e-02 1.57368056881614093e-02
6.17965641317975468e-03 8.74894909810941757e-01 6.57624369532651687e-01 2.64661833789285039e-01 -4.64916632138566488e-01 7.81157383900337066e-01 2.21920083328811801e-01
3.27564054630194793e-02 -1.29207701641072314e+00 -7.34474873824281671e-01 -8.14541174665062290e-02 2.86124036762204215e-01 -5.30682622889304345e-01 -7.91660676956761067e-02
7.12812784644603209e-02 -1.12273156191264123e+00 -8.78488676169206090e-02 -4.02545933748506168e-01 -6.96641733546078529e-02 -6.60268449943372193e-01 4.74826788351451978e-01
1.86204592517830364e-01 -1.32417424425292474e-01 1.03683551686998454e+00 -5.45381710477824064e-02 -9.79003064051003680e-01 6.40798323440048140e-02 5.93120281693674187e-02
1.95998955354995091e-01 -4.45745851336208365e-01 6.75267406431912298e-01 3.01743984392855324e-01 -7.26323551927976374e-01 -6.07245502687124850e-01 2.16670633988142208e-01
6.43296230547323544e-01 -5.66172222450146978e-01 -4.35296436029048217e-01 -2.55624684109892975e-01 6.88991572963817411e-01 -9.46221764482130911e-01 2.26150695120046791e-01
1.19080819390542428e-03 -3.60453245702083258e-01 4.50726254081466549e-01 2.09985940345005728e-01 -8.96614155780109612e-01 -8.41115557278555914e-01 -7.11944029745778639e-01
9.09255050956892241e-02 -3.44758491174050774e-01 5.68957508490678832e-01 -2.18831183944997287e-01 -1.00332150829710276e+00 -8.35063324614127578e-01 1.64664987032909799e-01
1.65429872182472383e-02 -5.23468306646493020e-01 -9.49800231934567307e-01 -2.93223600903308283e-02 8.83153923004601160e-01 -5.10546756861349427e-01 -1.25339311121399788e-01
7.54914433813618002e-01 -7.65946590931659010e-02 1.14699851177671563e+00 -7.48480517101290793e-02 -9.24584391390666394e-01 -9.04633347009535932e-02 1.27280426808326103e-01
1.17003015117194895e-02 1.17998121686333432e-01 1.55290020995797362e+00 5.18569227382356224e-01 -5.90379090699710729e-01 1.60033217247976117e-01 -2.14297320584863005e-01
4.71007197297608968e-02 5.91689161499040606e-01 1.19586999923319071e+00 -1.78752110892208493e-01 -7.22190747590906512e-01 2.47601235988746032e-01 -1.77725756224399706e-01
2.16279891179679620e-02 -1.10188490890773805e+00 4.98985029600711380e-02 -3.11449013182186096e-01 4.63944783158815530e-02 -8.35290427962659621e-01 4.20485976718516119e-01
7.41447877957719520e-02 4.00995349944096136e-01 -3.68562042169314152e-01 -4.72968937570056105e-02 9.37015001842704365e-01 1.06285021947208391e+00 5.22441249630880677e-01
1.45790101950346931e-02 -1.31428055791873710e+00 -6.84180626087291799e-01 7.40489145360774016e-03 1.08656827086504731e-01 -6.75454580456519071e-01 3.14408022332162695e-01
6.22998666955130870e-02 1.37343729990972574e+00 -9.65851104482128436e-02 5.65284780800142994e-01 2.85322052506516655e-01 6.03670997046981017e-01 3.22767284285123135e-02
1.11263692254437510e-01 -3.41717814953993726e-01 1.03407169647241459e+00 -1.61762253317990795e-01 -7.60348850087958605e-01 -3.51033810661126988e-01 1.82593809253341816e-01
2.11217018488401576e-02 -1.24747776161166324e+00 3.86291036130214371e-01 3.35004843373914452e-02 6.47255818054957299e-02 -8.54213449318063422e-01 1.18118018396527510e-01
4.72043434025222974e-01 -1.17270766190483022e+00 -1.14263941215866849e+00 2.28862548350591916e-01 4.46955616123251465e-01 -4.31294758818285329e-01 -8.49159063865954217e-02
2.75721319015042376e-01 5.96200006984204500e-01 -1.23969495744639446e+00 1.27652855580658725e-01 5.89701238754428814e-01 2.54158111080333704e-01 1.83772319671119816e-01
1.15359620661500441e-02 5.74674239330671743e-01 -4.04907796529831721e-01 -3.33167688824445377e-02 4.54043995241894316e-01 1.12080614975395876e+00 1.13485162516404503e-01
4.55902559386041184e-01 7.42570533520799714e-01 8.29951278020261474e-01 -1.37836976031196878e-01 -4.69556437404693383e-01 7.87766631567367592e-01 -9.63832812425149399e-02
6.47921962975267079e-02 -9.88511759475719648e-02 -9.15819671546205361e-01 8.11786462253909491e-02 6.68226088334020529e-01 -6.33875534906474414e-01 -3.70216479273150711e-01
3.40988401861756982e-02 7.57189141566959378e-01 -9.86880387007667892e-01 3.48867386225501465e-03 5.99376933619339747e-01 5.63575463242945940e-01 1.48990102335219393e-01
5.43232210469026758e-03 -2.71471577630368555e-01 8.92681940599880486e-01 2.05536284709613409e-01 -7.91136807729681646e-01 -3.29659897550812209e-01 1.27904709141575201e-01
9.91742982985551191e-02 -2.98766673599645427e-01 3.53500184697051967e-01 -6.63245273258176032e-02 -1.42695480911853578e+00 -9.55153728154339965e-01 1.32553415079206593e-01
1.01642297831104570e-02 -1.16205295604293712e+00 8.05288263647813002e-02 -2.48575506341443569e-01 3.95467536243241158e-01 -8.26463518992533008e-01 -7.97927095750652210e-02
3.94760260537999563e-01 -4.81048062530772924e-01 2.95400868245070357e-02 -1.29345644480515276e-01 -3.94112486023650566e-01 -1.53940336044106818e+00 3.65170929572719682e-01
2.21158328589925096e-01 -2.41757597439714172e-01 -1.04693364426795532e+00 9.82800417906799506e-02 9.62679305566404464e-01 -2.45532238882340860e-02 1.35605768581403802e-01
dt_snap         1.0
