# MTR input generated by make_mtr_input_simple.py
# source IC : initial_conditions/INIT_moon.dat  (first 100 particles)
# units     : G=GNEWT; time/length/velocity NUMBERS equal problem
#             units (1 Roche orbit = 2*pi, Roche radius = 1);
#             only masses are rescaled: m = m_problem/GNEWT
#             (Earth = 3379.3806817705)
# dt(problem)=0.2  tmax(problem)=18.8496  rhill(problem)=0.0558335

n_bodies        101
timestep        2.00000000000000011e-01
tmax            1.88495559215387587e+01
output_interval 1
rmax            3.00000000000000000e+00
rsub            2.00000000000000000e+00
hsub            3
levtot          30
flag            1
rhill           5.58335417171819462e-02

# mass x y z vx vy vz   (all numbers = problem units except mass = /GNEWT)
3.37938068177053538e+03 7.40013381088439537e-04 -2.93283502861264921e-04 6.55653171265188553e-06 5.74402152687504249e-04 6.64783223089356187e-04 -1.78598771567658641e-04
1.92776064310510413e-02 -9.58867862762416978e-01 4.73366082942965005e-01 2.16429778654963156e-01 -4.32310075526220305e-01 -8.52899034865361227e-01 -3.53408718981675016e-02
1.17670954570114009e-02 -3.08395841554798100e-01 -6.89417739328143653e-01 -2.81397857321933524e-03 1.18730000926903734e+00 -1.84661867427034332e-01 2.96229651477523948e-01
1.30662172546244012e-03 9.52161787829635675e-01 3.94840095869161301e-01 -1.52807055852994644e-01 -5.43012915854552025e-01 7.74328402603132737e-01 2.87913040834883505e-01
8.68503999193344534e-01 4.74733560368336416e-01 1.85707771653740333e-01 2.33391742662627355e-01 -4.93428540106311708e-01 1.40326769846341937e+00 4.27253586283186937e-01
3.49525088312938395e-03 7.19626151059784003e-01 9.97076753395105486e-01 2.94161481625087373e-01 -7.55546389151605990e-01 4.22569892851723972e-01 5.33751711462759279e-02
9.56167522981454798e-03 -8.01274821746980170e-01 9.85337158109764188e-01 -3.68630050472854576e-02 -3.48666253068179888e-01 -7.18399280156351905e-01 -1.62815191775428983e-02
7.50445351201734726e-03 -1.15618293696830854e+00 -1.50158067884227447e-01 -2.01388321003514642e-01 5.04749863238753843e-02 -8.79336399520924128e-01 -1.90195351225765558e-01
2.65505065800829103e-03 3.36227046382829409e-01 -3.47852508609271471e-01 -4.99678063341783413e-02 1.35066090844089537e+00 9.10093662874650211e-01 -2.38787275869200150e-01
5.70610700893732573e-02 6.26920668681002824e-01 6.53309948006949415e-01 5.74913768964871730e-02 -8.04903652463463515e-01 3.94619357882641297e-01 3.10635179585845300e-01
1.89027462320255808e-02 9.16288552690885494e-01 5.53902140781723021e-02 1.11055615393970027e-02 -1.58498282744721802e-01 8.22524536674187678e-01 -3.07530103299807456e-01
5.54872040022046042e-01 -6.45752878847084322e-01 1.51792736987055754e-01 1.23373903448983149e-01 -1.01599511645361198e-01 -1.18968663977240774e+00 4.70309977862546247e-01
1.19477100545364503e-02 3.25403274621016425e-01 -1.26536063362992923e+00 6.11485684386429140e-01 6.59809507753239433e-01 7.04931304509062578e-02 2.23091215386259756e-01
6.97863960342950604e-03 -8.55254050580405156e-01 1.17177956717132423e-01 -5.65579304587440546e-01 -4.44165177368395114e-01 -9.54286714769308153e-01 8.07904202066096061e-02
7.62877614818350258e-01 -4.88232106915069852e-01 -1.08910086703731923e+00 9.97552640605523649e-02 7.07184258455562098e-01 -2.36953334278819649e-01 -1.81216893891746139e-01
1.10305730862912330e-03 6.56624236977732756e-01 5.00816099464494235e-01 2.43900027109154871e-01 -8.36262020786423088e-01 8.05760347537107569e-01 1.71234440969233112e-02
6.78849471974324437e-01 -6.60399156503728157e-01 8.46238082532705826e-01 -2.72028869839547549e-01 -6.06575947766862633e-01 -6.61353374829500185e-01 -2.64891522777881971e-01
2.55152590127028997e-03 -4.70516009623976994e-01 -5.78932244763519677e-01 2.62701036927801002e-02 8.80349568494043333e-01 -6.99776843513759905e-01 -5.16434694165182270e-02
4.92553071338965726e-02 1.04906521402805852e+00 7.94376338585874420e-01 -2.82633620136194599e-02 -5.14844402908849919e-01 6.18558204848787097e-01 -1.56078440865288937e-01
1.23006755529121584e-03 1.09083779542034742e+00 -4.36191702371946599e-01 -1.73436641670724923e-01 1.13210656936605300e-01 8.34041795302678413e-01 -3.28478791571377660e-01
5.04321864861103711e-02 -6.23158048873760584e-01 4.23065032952036291e-01 7.08827723479108635e-02 -7.28898546549888948e-01 -8.87929473558393467e-01 -8.00125237551494173e-02
1.48920345995538966e-01 4.13572284719319460e-03 -9.76576374900387512e-01 -8.86031680799436450e-02 1.01469290001113754e+00 -3.47669919104608982e-02 1.58134181472338424e-02
6.17965641317975468e-03 8.75133719291593226e-01 6.57401296109825894e-01 2.64666378326956886e-01 -4.64595203537291224e-01 7.81386695701281497e-01 2.21996695787884252e-01
3.27564054630194793e-02 -1.29183820693007156e+00 -7.34697947247107463e-01 -8.14495729288344100e-02 2.86445465363479479e-01 -5.30453311088359913e-01 -7.90894552366036702e-02
7.12812784644603209e-02 -1.12249275243198965e+00 -8.80719410397464431e-02 -4.02541389210834322e-01 -6.93427447533325747e-02 -6.60039138142427761e-01 4.74903400810524401e-01
1.86204592517830364e-01 -1.32178614944640949e-01 1.03661244344715864e+00 -5.45336265101105874e-02 -9.78681635449728304e-01 6.43091441449492596e-02 5.93886406284398483e-02
1.95998955354995091e-01 -4.45507041855556896e-01 6.75044333009086506e-01 3.01748528930527171e-01 -7.26002123326700999e-01 -6.07016190886180418e-01 2.16747246447214659e-01
6.43296230547323544e-01 -5.65933412969495508e-01 -4.35519509451874065e-01 -2.55620139572221128e-01 6.89313001565092787e-01 -9.45992452681186480e-01 2.26227307579119241e-01
1.19080819390542428e-03 -3.60214436221431789e-01 4.50503180658640701e-01 2.09990484882677575e-01 -8.96292727178834236e-01 -8.40886245477611483e-01 -7.11867417286706217e-01
9.09255050956892241e-02 -3.44519681693399304e-01 5.68734435067853039e-01 -2.18826639407325441e-01 -1.00300007969582761e+00 -8.34834012813183146e-01 1.64741599491982249e-01
1.65429872182472383e-02 -5.23229497165841551e-01 -9.50023305357393100e-01 -2.93178155526590094e-02 8.83475351605876535e-01 -5.10317445060404995e-01 -1.25262698662327338e-01
7.54914433813618002e-01 -7.63558496125143898e-02 1.14677543835388973e+00 -7.48435071724572604e-02 -9.24262962789391018e-01 -9.02340229000091476e-02 1.27357039267398553e-01
1.17003015117194895e-02 1.18236931166984943e-01 1.55267713653514772e+00 5.18573771920028070e-01 -5.90057662098435354e-01 1.60262529048920549e-01 -2.14220708125790554e-01
4.71007197297608968e-02 5.91927970979692075e-01 1.19564692581036480e+00 -1.78747566354536647e-01 -7.21869318989631137e-01 2.47830547789690464e-01 -1.77649143765327255e-01
2.16279891179679620e-02 -1.10164609942708647e+00 4.96754295372453178e-02 -3.11444468644514250e-01 4.67159069171568311e-02 -8.35061116161715189e-01 4.20562589177588542e-01
7.41447877957719520e-02 4.01234159424747605e-01 -3.68785115592140000e-01 -4.72923492193337916e-02 9.37336430443979740e-01 1.06307953127302834e+00 5.22517862089953100e-01
1.45790101950346931e-02 -1.31404174843808552e+00 -6.84403699510117591e-01 7.40943599127956171e-03 1.08978255687780010e-01 -6.75225268655574640e-01 3.14484634791235118e-01
6.22998666955130870e-02 1.37367610939037732e+00 -9.68081838710386777e-02 5.65289325337814841e-01 2.85643481107791919e-01 6.03900308847925449e-01 3.23533408875847431e-02
1.11263692254437510e-01 -3.41479005473342256e-01 1.03384862304958869e+00 -1.61757708780318948e-01 -7.60027421486683230e-01 -3.50804498860182501e-01 1.82670421712414266e-01
2.11217018488401576e-02 -1.24723895213101166e+00 3.86067962707388523e-01 3.35050288750632641e-02 6.50470104067710081e-02 -8.53984137517118991e-01 1.18194630855599947e-01
4.72043434025222974e-01 -1.17246885242417864e+00 -1.14286248558149439e+00 2.28867092888263762e-01 4.47277044724526729e-01 -4.31065447017340841e-01 -8.48392939275229852e-02
2.75721319015042376e-01 5.96438816464855970e-01 -1.23991803086922037e+00 1.27657400118330572e-01 5.90022667355704189e-01 2.54387422881278191e-01 1.83848932130192266e-01
1.15359620661500441e-02 5.74913048811323213e-01 -4.05130869952657569e-01 -3.33122243447727187e-02 4.54365423843169580e-01 1.12103546155490319e+00 1.13561774975476940e-01
4.55902559386041184e-01 7.42809343001451183e-01 8.29728204597435681e-01 -1.37832431493525032e-01 -4.69235008803418119e-01 7.87995943368312024e-01 -9.63066687834425034e-02
6.47921962975267079e-02 -9.86123664669204536e-02 -9.16042744969031153e-01 8.11831907630627680e-02 6.68547516935295905e-01 -6.33646223105529982e-01 -3.70139866814078289e-01
3.40988401861756982e-02 7.57427951047610848e-01 -9.87103460430493684e-01 3.49321839992683576e-03 5.99698362220615122e-01 5.63804775043890372e-01 1.49066714794291844e-01
5.43232210469026758e-03 -2.71232768149717085e-01 8.92458867177054693e-01 2.05540829247285256e-01 -7.90815379128406271e-01 -3.29430585749867721e-01 1.27981321600647652e-01
9.91742982985551191e-02 -2.98527864118993957e-01 3.53277111274226119e-01 -6.63199827881457843e-02 -1.42663338051726063e+00 -9.54924416353395533e-01 1.32630027538279044e-01
1.01642297831104570e-02 -1.16181414656228554e+00 8.03057529419554661e-02 -2.48570961803771723e-01 3.95788964844516422e-01 -8.26234207191588577e-01 -7.97160971159927845e-02
3.94760260537999563e-01 -4.80809253050121455e-01 2.93170134016812155e-02 -1.29341099942843429e-01 -3.93791057422375301e-01 -1.53917404864012375e+00 3.65247542031792105e-01
2.21158328589925096e-01 -2.41518787959062647e-01 -1.04715671769078122e+00 9.82845863283517696e-02 9.63000734167679839e-01 -2.43239120872896439e-02 1.35682381040476252e-01
1.29611279318465086e-03 4.48317330669528724e-01 -8.53220138424939378e-01 1.41420411251129835e-02 6.10172255319587520e-01 6.39590429207929856e-01 -5.26100679768159094e-02
1.27883207834533830e-01 -8.26197467511942563e-01 -1.00314456218112177e-01 -5.00215021156298414e-02 -1.28047590202998690e-01 -9.99725681504325725e-01 -3.29261216101289500e-01
6.61464203991899216e-03 -1.00801202214614549e+00 4.40552094727092725e-01 -4.05839468191957486e-02 -1.38830824070439396e-01 -9.43937966668806805e-01 7.66870262018140292e-02
8.43298329334841480e-03 -5.45831190064241634e-01 -6.41137466097007058e-01 4.18296990562134874e-01 6.51365348320825044e-01 -5.45579873040991870e-01 -2.09973239909716086e-02
4.53777032094729443e-02 7.79441707524966776e-01 1.91768766304651034e-01 4.33206122303698288e-02 -6.11324388900558624e-01 1.15125962917877933e+00 -5.43983565359231480e-02
4.99212324235916334e-03 -7.93324350036936132e-01 -8.74537823150965676e-02 1.12556045447887748e-01 1.93846272772396605e-01 -1.08065014700611672e+00 -2.48551779020119934e-01
1.33164537109761838e-01 7.26093581209113603e-01 -1.05568861537279535e+00 3.18171971190653879e-01 5.78497797247649048e-01 4.36260538343049675e-01 -3.20969597473906076e-01
2.91243499943450064e-03 -5.59951131259790458e-01 -4.19075737308395091e-01 4.89679564050133909e-02 7.25470075003215364e-01 -9.79088450737828908e-01 6.76293236404570675e-02
1.98871037572390857e-01 -1.07824751058999069e+00 6.19183238112269718e-01 -6.89408264978783047e-02 -3.73722038244426014e-01 -5.61123263316787413e-01 1.74574651606719755e-01
2.77636858569802636e-01 -1.22623763651197959e+00 4.45550987566772805e-01 -7.55287665614223919e-02 -4.15142904338766661e-02 -6.42783538910153052e-01 -9.25521030147203466e-03
1.16166225777744993e-03 -6.38719314724877751e-01 -5.00328602657467703e-01 -5.15199004009178285e-01 7.05110430873234773e-01 -7.34108446696950079e-01 -1.43075039275140259e-01
2.95570978195998108e-03 -7.33978247957956076e-01 -2.79111636866437696e-01 -2.22598334578995027e-01 5.60379786986519357e-01 -9.02965629190536689e-01 -1.52099331361216450e-01
1.69585346400813186e-01 1.15196940215012833e+00 2.15163037195309048e-01 -1.68988694866009731e-01 -3.69568597728781478e-01 8.50330765757265850e-01 1.32198653733731464e-01
2.98101537294870019e-03 1.04546304749621941e-01 -1.15686236032863832e+00 -2.38335363631191122e-01 6.80251796563620115e-01 1.04774968382377057e-01 3.71850080905924210e-02
9.49266443747119257e-03 -9.56658296633706495e-01 -1.15008050040354953e-02 -1.63524517131845674e-02 -5.73813068788521577e-02 -1.09123942310912270e+00 2.82696716146236149e-01
1.52975924433059046e-01 -7.09420914071094005e-02 -1.26315608483857322e+00 1.92779195367234257e-01 8.31921472072795543e-01 -6.21626202690672425e-02 -2.12565365104884357e-01
1.27253782415314820e-01 1.10748840470953636e+00 -1.39216359950081053e-01 -4.08836155420728223e-02 3.34139291527075888e-01 7.61679168976211574e-01 1.48423684131856859e-01
3.85291910644751726e-02 3.05496217408913029e-01 9.01724114880576133e-01 -1.53847636849203023e-01 -1.09292327968406355e+00 2.34510033497382447e-01 1.14685918878302540e-01
3.68958008211444644e-01 1.42495588773832449e-01 -1.16389853850700220e+00 -3.14089295517168479e-02 9.42137544535812888e-01 -3.88244102293897123e-02 -9.65503836668268750e-02
7.16588082754554268e-02 -1.25071625230325867e+00 1.98354177324409242e-01 -1.93555287759128947e-01 -3.93943489439722936e-03 -6.72723666910026274e-01 3.01120878557756926e-02
1.20489690019692161e-02 2.51968002758597293e-02 6.43877440904480403e-01 -2.37866016846119938e-01 -1.21207767962597956e+00 2.34956338571917056e-01 -7.89058088394222479e-02
5.57358527379947163e-02 -1.59666703455058068e+00 8.48122038380304755e-01 1.99443391657358166e-01 -1.68208839231114404e-01 -5.16847632211110963e-01 -1.79062963704189837e-01
1.35290116689596720e-03 -6.70758737607873745e-01 -1.81945299181685755e-01 1.61803973154951652e-01 2.55209669022047780e-01 -1.16430760886220375e+00 1.73471998632706265e-01
8.96086369422077866e-01 2.57963063824651506e-01 5.73141333694886401e-01 -1.96649826849410493e-02 -1.26023757964326966e+00 6.71271346001609648e-01 -5.03196340400829056e-01
1.23881185298906869e-02 -4.15652792270114368e-01 -3.87176940015391213e-01 1.33314282841739157e-01 1.02222169015558850e+00 -1.12956633168062170e+00 2.25985957936530368e-01
2.66416088124554230e-02 -4.47478391361278871e-01 -4.96609695011048069e-01 -4.93699334825413519e-02 7.39605828848075131e-01 -1.00319619588767583e+00 3.25824836034938614e-01
1.26687127591121611e-03 7.15432014705919439e-01 -1.17523100243553325e+00 4.50738846334508489e-02 5.84903132480554810e-01 2.76140152678209294e-01 1.45982517376785706e-02
6.00279007281402599e-01 -5.30032421613155891e-01 9.14449301178644758e-01 4.79662364579482997e-02 -7.99434602614250811e-01 -4.71682248801436832e-01 -2.59746302627232972e-01
1.13522609917053402e-01 3.82512208673303433e-01 -7.94982032642121306e-01 2.25614930123705176e-01 8.59442294871606505e-01 6.65302305320974341e-01 1.40312503739002448e-01
4.16005960730040855e-03 -8.10662075362001855e-01 -8.43916776770112120e-01 4.87779006703347451e-01 5.36155324124437449e-01 -6.09309749737087181e-01 1.36984158039114956e-01
4.73224050279444017e-03 3.14391912366463813e-02 1.12026789484090572e+00 -3.36576438516720438e-03 -8.50763504553316618e-01 2.17606155118159256e-01 -3.52140246179533045e-01
4.27396405868044754e-03 -7.47360275092513238e-01 -5.10764208898766420e-02 2.45701797771566317e-02 3.45394406086956429e-01 -1.11084783226329376e+00 -5.99481940437891908e-02
1.88614760639193137e-03 -5.84889738161670558e-01 -5.91724332421454169e-01 -2.52205449848308449e-01 4.60587938760746607e-01 -8.37841542991921595e-01 3.83586551039897805e-01
3.45580507690441296e-01 -4.41924959080929769e-01 -2.68717515673367741e-02 3.43006903179794778e-02 5.20084050945781473e-01 -1.65871993723549971e+00 6.17863131933052201e-01
3.26203071838891950e-03 4.66130786712906919e-01 6.09139484632848949e-01 -6.50524752893643895e-04 -6.88164149103658529e-01 8.95296138830400934e-01 2.70561903331893838e-01
9.24004376751013379e-02 1.16906639546447644e+00 -3.27159617688983662e-01 3.93697621727358948e-01 1.36709275738710001e-01 8.08125930158008043e-01 4.37799044701091405e-02
8.32595295059075473e-03 -1.08792852306145460e+00 1.11345993207523530e-01 -2.68860008111997451e-01 4.55350370555189621e-01 -8.08252040904015367e-01 7.27135853742557486e-02
4.08072328263385433e-03 3.05742478580640242e-01 -1.02626289798162129e+00 -6.62493545755477448e-02 8.18897463334595899e-01 2.69395833872402901e-01 6.68864905030353146e-02
3.28349147540738170e-02 4.45026149492722511e-01 7.18122732141904030e-01 -6.64648650900561966e-02 -8.01686617531414680e-01 6.30236513394224040e-01 -6.40964997201705217e-02
2.28130357739837926e-03 1.97030493368376858e-01 -8.78632647551543799e-01 -4.72994060901589131e-01 8.36171643432703116e-01 4.02573458670791695e-01 -4.79749903567746550e-01
2.48505476696852912e-01 7.66977650526946442e-01 8.20811760826500730e-02 -2.36773830092774445e-01 2.76555538117640276e-01 1.05295999363480819e+00 1.63829203715167154e-01
2.04915704441148844e-01 -1.10085814666072968e+00 4.94058236452457111e-01 3.23568372608687649e-01 -3.52920111972633677e-01 -6.75446432457222912e-01 -3.23754426174384380e-01
1.75246160513405809e-02 3.71991003572560819e-01 5.58178921245707449e-01 -3.96398425532027643e-01 -9.04511915073132111e-01 6.42507888728858556e-01 6.65468639419498853e-01
4.05208371353576013e-01 5.61236950128592871e-01 -9.93022325973651920e-01 1.42103505094199667e-01 5.68608849684660744e-01 6.60959405016783963e-01 2.68895172542561733e-01
1.93134585984744339e-01 -6.43644126461936250e-01 -5.26697992769970535e-01 -1.99272444074005323e-01 9.14474901656002426e-01 -6.72510249899423096e-01 -2.68205456906817796e-01
5.64851410704677540e-03 6.89676311477828430e-02 -7.91991422481341689e-01 -1.11479083739730950e-01 1.06811778943898239e+00 -9.75179691173156948e-02 1.32185742676442064e-01
2.81223212362637824e-03 -5.60869841479384790e-01 -5.40193883024528088e-01 1.43980895847424878e-01 1.03408642515612437e+00 -5.09685515777301479e-01 4.68338741612517179e-02
2.05603999327968329e-02 -6.51967477233844295e-01 9.06372639136336256e-01 -1.28967288244386524e-01 -5.31446384821614659e-01 -5.72826015057147364e-01 1.14422160220478436e-01
4.63520044449146518e-01 -3.88010814065945508e-02 1.27712041547926369e+00 -2.01163189212134247e-01 -6.60112398598936556e-01 4.82749227855765670e-02 -1.56126491146094754e-01
5.77993642308332389e-01 -6.95248912556202803e-01 -3.65887122424158771e-03 3.46740369931936281e-03 -3.65709705826413378e-01 -1.27163531386152173e+00 3.72118306707900803e-01
dt_snap         1.0
