# MTR input generated by make_mtr_input_simple.py
# source IC : initial_conditions/INIT_moon.dat  (first 200 particles)
# units     : G=GNEWT; time/length/velocity NUMBERS equal problem
#             units (1 Roche orbit = 2*pi, Roche radius = 1);
#             only masses are rescaled: m = m_problem/GNEWT
#             (Earth = 3379.3806817705)
# dt(problem)=0.2  tmax(problem)=18.8496  rhill(problem)=0.0558335

n_bodies        201
timestep        2.00000000000000011e-01
tmax            1.88495559215387587e+01
output_interval 1
rmax            3.00000000000000000e+00
rsub            2.00000000000000000e+00
hsub            3
levtot          30
flag            1
rhill           5.58335417171819462e-02

# mass x y z vx vy vz   (all numbers = problem units except mass = /GNEWT)
3.37938068177053538e+03 7.55657015280639132e-04 1.02006723806357903e-05 -1.49109440544318390e-04 8.41875739122908019e-04 9.92731772805335085e-04 -4.95863259513262759e-05
1.92776064310510413e-02 -9.58852219128224714e-01 4.73669567118206902e-01 2.16274112682706160e-01 -4.32042601939784887e-01 -8.52571086315645266e-01 -3.52118594525511683e-02
1.17670954570114009e-02 -3.08380197920605892e-01 -6.89114255152901700e-01 -2.96964454547630520e-03 1.18756748285547276e+00 -1.84333918877318342e-01 2.96358663923140309e-01
1.30662172546244012e-03 9.52177431463827939e-01 3.95143580044403198e-01 -1.52962721825251641e-01 -5.42745442268116718e-01 7.74656351152848699e-01 2.88042053280499866e-01
8.68503999193344534e-01 4.74749204002528624e-01 1.86011255828982230e-01 2.33236076690370359e-01 -4.93161066519876290e-01 1.40359564701313544e+00 4.27382598728803298e-01
3.49525088312938395e-03 7.19641794693976267e-01 9.97380237570347439e-01 2.94005815652830405e-01 -7.55278915565170683e-01 4.22897841401439933e-01 5.35041835918922612e-02
9.56167522981454798e-03 -8.01259178112787906e-01 9.85640642285006141e-01 -3.70186710195424262e-02 -3.48398779481744469e-01 -7.18071331606635943e-01 -1.61525067319265650e-02
7.50445351201734726e-03 -1.15616729333411628e+00 -1.49854583708985550e-01 -2.01543986975771638e-01 5.07424599103107887e-02 -8.79008450971208166e-01 -1.90066338780149252e-01
2.65505065800829103e-03 3.36242690017021617e-01 -3.47549024434029574e-01 -5.01234723064353099e-02 1.35092838202733079e+00 9.10421611424366173e-01 -2.38658263423583844e-01
5.70610700893732573e-02 6.26936312315195088e-01 6.53613432182191367e-01 5.73357109242302043e-02 -8.04636178877028208e-01 3.94947306432357259e-01 3.10764192031461661e-01
1.89027462320255808e-02 9.16304196325077758e-01 5.56936982534142061e-02 1.09498955671400323e-02 -1.58230809158286384e-01 8.22852485223903640e-01 -3.07401090854191095e-01
5.54872040022046042e-01 -6.45737235212892058e-01 1.52096221162297651e-01 1.23218237476726181e-01 -1.01332038058925794e-01 -1.18935869122269167e+00 4.70438990308162608e-01
1.19477100545364503e-02 3.25418918255208633e-01 -1.26505714945468739e+00 6.11330018414172116e-01 6.60076981339674740e-01 7.08210790006222335e-02 2.23220227831876061e-01
6.97863960342950604e-03 -8.55238406946212892e-01 1.17481440892374334e-01 -5.65734970559697570e-01 -4.43897703781959696e-01 -9.53958766219592191e-01 8.09194326522259394e-02
7.62877614818350258e-01 -4.88216463280877644e-01 -1.08879738286207739e+00 9.95995980882953963e-02 7.07451732041997405e-01 -2.36625385729103660e-01 -1.81087881446129834e-01
1.10305730862912330e-03 6.56639880611925020e-01 5.01119583639736188e-01 2.43744361136897875e-01 -8.35994547199987781e-01 8.06088296086823530e-01 1.72524565425396445e-02
6.78849471974324437e-01 -6.60383512869535894e-01 8.46541566707947779e-01 -2.72184535811804518e-01 -6.06308474180427326e-01 -6.61025426279784223e-01 -2.64762510332265610e-01
2.55152590127028997e-03 -4.70500365989784786e-01 -5.78628760588277724e-01 2.61144377205231315e-02 8.80617042080478640e-01 -6.99448894964043943e-01 -5.15144569709018937e-02
4.92553071338965726e-02 1.04908085766225079e+00 7.94679822761116372e-01 -2.84190279858764286e-02 -5.14576929322414611e-01 6.18886153398503058e-01 -1.55949428419672631e-01
1.23006755529121584e-03 1.09085343905453969e+00 -4.35888218196704702e-01 -1.73592307642981919e-01 1.13478130523040704e-01 8.34369743852394374e-01 -3.28349779125761299e-01
5.04321864861103711e-02 -6.23142405239568320e-01 4.23368517127278188e-01 7.07271063756538948e-02 -7.28631072963453641e-01 -8.87601525008677505e-01 -7.98835113095330840e-02
1.48920345995538966e-01 4.15136648138539430e-03 -9.76272890725145559e-01 -8.87588340522006136e-02 1.01496037359757296e+00 -3.44390433607449156e-02 1.59424305928501757e-02
6.17965641317975468e-03 8.75149362925785490e-01 6.57704780285067847e-01 2.64510712354699917e-01 -4.64327729950855805e-01 7.81714644250997459e-01 2.22125708233500557e-01
3.27564054630194793e-02 -1.29182256329587930e+00 -7.34394463071865511e-01 -8.16052389010913787e-02 2.86712938949914897e-01 -5.30125362538643952e-01 -7.89604427909873369e-02
7.12812784644603209e-02 -1.12247710879779738e+00 -8.77684568645045321e-02 -4.02697055183091290e-01 -6.90752711668971703e-02 -6.59711189592711800e-01 4.75032413256140762e-01
1.86204592517830364e-01 -1.32162971310448768e-01 1.03691592762240048e+00 -5.46892924823675561e-02 -9.78414161863292997e-01 6.46370926946652352e-02 5.95176530740561816e-02
1.95998955354995091e-01 -4.45491398221364687e-01 6.75347817184328458e-01 3.01592862958270203e-01 -7.25734649740265692e-01 -6.06688242336464456e-01 2.16876258892830964e-01
6.43296230547323544e-01 -5.65917769335303245e-01 -4.35216025276632168e-01 -2.55775805544478096e-01 6.89580475151528094e-01 -9.45664504131470518e-01 2.26356320024735547e-01
1.19080819390542428e-03 -3.60198792587239580e-01 4.50806664833882598e-01 2.09834818910420579e-01 -8.96025253592398929e-01 -8.40558296927895521e-01 -7.11738404841089856e-01
9.09255050956892241e-02 -3.44504038059207096e-01 5.69037919243094992e-01 -2.18982305379582437e-01 -1.00273260610939219e+00 -8.34506064263467184e-01 1.64870611937598555e-01
1.65429872182472383e-02 -5.23213853531649287e-01 -9.49719821182151147e-01 -2.94734815249159780e-02 8.83742825192311843e-01 -5.09989496510689033e-01 -1.25133686216711032e-01
7.54914433813618002e-01 -7.63402059783221815e-02 1.14707892252913157e+00 -7.49991731447142290e-02 -9.23995489202955711e-01 -8.99060743502931720e-02 1.27486051713014858e-01
1.17003015117194895e-02 1.18252574801177152e-01 1.55298062071038956e+00 5.18418105947771046e-01 -5.89790188512000046e-01 1.60590477598636538e-01 -2.14091695680174249e-01
4.71007197297608968e-02 5.91943614613884339e-01 1.19595040998560664e+00 -1.78903232326793643e-01 -7.21601845403195830e-01 2.48158496339406454e-01 -1.77520131319710950e-01
2.16279891179679620e-02 -1.10163045579289420e+00 4.99789137124872218e-02 -3.11600134616771218e-01 4.69833805035922356e-02 -8.34733167611999227e-01 4.20691601623204903e-01
7.41447877957719520e-02 4.01249803058939813e-01 -3.68481631416898103e-01 -4.74480151915907603e-02 9.37603904030415047e-01 1.06340747982274442e+00 5.22646874535569461e-01
1.45790101950346931e-02 -1.31402610480389326e+00 -6.84100215334875639e-01 7.25377001902259132e-03 1.09245729274215414e-01 -6.74897320105858678e-01 3.14613647236851479e-01
6.22998666955130870e-02 1.37369175302456958e+00 -9.65046996957967668e-02 5.65133659365557817e-01 2.85910954694227337e-01 6.04228257397641411e-01 3.24823533332010764e-02
1.11263692254437510e-01 -3.41463361839150048e-01 1.03415210722483053e+00 -1.61913374752575945e-01 -7.59759947900247923e-01 -3.50476550310466539e-01 1.82799434158030571e-01
2.11217018488401576e-02 -1.24722330849681939e+00 3.86371446882630420e-01 3.33493629028062955e-02 6.53144839932064125e-02 -8.53656188967403029e-01 1.18323643301216280e-01
4.72043434025222974e-01 -1.17245320878998638e+00 -1.14255900140625255e+00 2.28711426916006766e-01 4.47544518310962147e-01 -4.30737498467624880e-01 -8.47102814819066519e-02
2.75721319015042376e-01 5.96454460099048234e-01 -1.23961454669397853e+00 1.27501734146073575e-01 5.90290140942139496e-01 2.54715371430994153e-01 1.83977944575808572e-01
1.15359620661500441e-02 5.74928692445515477e-01 -4.04827385777415671e-01 -3.34678903170296874e-02 4.54632897429604999e-01 1.12136341010461926e+00 1.13690787421093273e-01
4.55902559386041184e-01 7.42824986635643447e-01 8.30031688772677634e-01 -1.37988097465782028e-01 -4.68967535216982701e-01 7.88323891918027986e-01 -9.61776563378261701e-02
6.47921962975267079e-02 -9.85967228327282452e-02 -9.15739260793789200e-01 8.10275247908057994e-02 6.68814990521731212e-01 -6.33318274555814020e-01 -3.70010854368461928e-01
3.40988401861756982e-02 7.57443594681803112e-01 -9.86799976255251732e-01 3.33755242766986537e-03 5.99965835807050429e-01 5.64132723593606333e-01 1.49195727239908149e-01
5.43232210469026758e-03 -2.71217124515524877e-01 8.92762351352296646e-01 2.05385163275028260e-01 -7.90547905541970963e-01 -3.29102637200151760e-01 1.28110334046263957e-01
9.91742982985551191e-02 -2.98512220484801749e-01 3.53580595449468016e-01 -6.64756487604027529e-02 -1.42636590693082521e+00 -9.54596467803679571e-01 1.32759039983895349e-01
1.01642297831104570e-02 -1.16179850292809328e+00 8.06092371171973771e-02 -2.48726627776028719e-01 3.96056438430951840e-01 -8.25906258641872615e-01 -7.95870846703764512e-02
3.94760260537999563e-01 -4.80793609415929246e-01 2.96204975769231160e-02 -1.29496765915100426e-01 -3.93523583835939883e-01 -1.53884610009040768e+00 3.65376554477408466e-01
2.21158328589925096e-01 -2.41503144324870467e-01 -1.04685323351553938e+00 9.81289203560948009e-02 9.63268207754115147e-01 -2.39959635375736648e-02 1.35811393486092558e-01
1.29611279318465086e-03 4.48332974303720933e-01 -8.52916654249697426e-01 1.39863751528560131e-02 6.10439728906022827e-01 6.39918377757645818e-01 -5.24810555311995761e-02
1.27883207834533830e-01 -8.26181823877750299e-01 -1.00010972042870266e-01 -5.01771680878868101e-02 -1.27780116616563272e-01 -9.99397732954609763e-01 -3.29132203655673139e-01
6.61464203991899216e-03 -1.00799637851195323e+00 4.40855578902334622e-01 -4.07396127914527173e-02 -1.38563350484003978e-01 -9.43610018119090843e-01 7.68160386474303625e-02
8.43298329334841480e-03 -5.45815546430049370e-01 -6.40833981921765106e-01 4.18141324589877905e-01 6.51632821907260351e-01 -5.45251924491275908e-01 -2.08683115453552753e-02
4.53777032094729443e-02 7.79457351159159040e-01 1.92072250479892931e-01 4.31649462581128601e-02 -6.11056915314123317e-01 1.15158757772849540e+00 -5.42693440903068147e-02
4.99212324235916334e-03 -7.93308706402743868e-01 -8.71502981398546567e-02 1.12400379475630779e-01 1.94113746358832023e-01 -1.08032219845640065e+00 -2.48422766574503628e-01
1.33164537109761838e-01 7.26109224843305867e-01 -1.05538513119755351e+00 3.18016305218396911e-01 5.78765270834084355e-01 4.36588486892765637e-01 -3.20840585028289715e-01
2.91243499943450064e-03 -5.59935487625598194e-01 -4.18772253133153194e-01 4.88122904327564222e-02 7.25737548589650672e-01 -9.78760502188112946e-01 6.77583360860734008e-02
1.98871037572390857e-01 -1.07823186695579842e+00 6.19486722287511671e-01 -6.90964924701352734e-02 -3.73454564657990595e-01 -5.60795314767071451e-01 1.74703664052336061e-01
2.77636858569802636e-01 -1.22622199287778733e+00 4.45854471742014702e-01 -7.56844325336793605e-02 -4.12468168474412616e-02 -6.42455590360437090e-01 -9.12619785585570137e-03
1.16166225777744993e-03 -6.38703671090685487e-01 -5.00025118482225750e-01 -5.15354669981435309e-01 7.05377904459670080e-01 -7.33780498147234117e-01 -1.42946026829523953e-01
2.95570978195998108e-03 -7.33962604323763812e-01 -2.78808152691195799e-01 -2.22754000551252024e-01 5.60647260572954664e-01 -9.02637680640820728e-01 -1.51970318915600144e-01
1.69585346400813186e-01 1.15198504578432059e+00 2.15466521370550945e-01 -1.69144360838266727e-01 -3.69301124142346060e-01 8.50658714306981811e-01 1.32327666179347769e-01
2.98101537294870019e-03 1.04561948383814149e-01 -1.15655887615339648e+00 -2.38491029603448118e-01 6.80519270150055422e-01 1.05102916932093032e-01 3.73140205362087543e-02
9.49266443747119257e-03 -9.56642652999514231e-01 -1.11973208287935947e-02 -1.65081176854415361e-02 -5.71138332924167533e-02 -1.09091147455940662e+00 2.82825728591852510e-01
1.52975924433059046e-01 -7.09264477729171922e-02 -1.26285260066333138e+00 1.92623529394977261e-01 8.32188945659230850e-01 -6.18346717193512599e-02 -2.12436352659268052e-01
1.27253782415314820e-01 1.10750404834372862e+00 -1.38912875774839156e-01 -4.10392815143297909e-02 3.34406765113511306e-01 7.62007117525927535e-01 1.48552696577473164e-01
3.85291910644751726e-02 3.05511861043105237e-01 9.02027599055818086e-01 -1.54003302821460020e-01 -1.09265580609762814e+00 2.34837982047098437e-01 1.14814931323918873e-01
3.68958008211444644e-01 1.42511232408024630e-01 -1.16359505433176036e+00 -3.15645955239738166e-02 9.42405018122248195e-01 -3.84964616796737297e-02 -9.64213712212105417e-02
7.16588082754554268e-02 -1.25070060866906640e+00 1.98657661499651139e-01 -1.93710953731385943e-01 -3.67196130796182537e-03 -6.72395718360310313e-01 3.02411003013920258e-02
1.20489690019692161e-02 2.52124439100519272e-02 6.44180925079722355e-01 -2.38021682818376934e-01 -1.21181020603954415e+00 2.35284287121633046e-01 -7.87767963938059146e-02
5.57358527379947163e-02 -1.59665139091638841e+00 8.48425522555546707e-01 1.99287725685101169e-01 -1.67941365644678986e-01 -5.16519683661395002e-01 -1.78933951258573531e-01
1.35290116689596720e-03 -6.70743093973681481e-01 -1.81641815006443857e-01 1.61648307182694656e-01 2.55477142608483199e-01 -1.16397966031248767e+00 1.73601011078322570e-01
8.96086369422077866e-01 2.57978707458843715e-01 5.73444817870128354e-01 -1.98206486571980180e-02 -1.25997010605683424e+00 6.71599294551325610e-01 -5.03067327955212695e-01
1.23881185298906869e-02 -4.15637148635922160e-01 -3.86873455840149316e-01 1.33158616869482160e-01 1.02248916374202392e+00 -1.12923838313090563e+00 2.26114970382146674e-01
2.66416088124554230e-02 -4.47462747727086663e-01 -4.96306210835806172e-01 -4.95255994547983205e-02 7.39873302434510438e-01 -1.00286824733795976e+00 3.25953848480554975e-01
1.26687127591121611e-03 7.15447658340111703e-01 -1.17492751826029140e+00 4.49182186611938802e-02 5.85170606066990118e-01 2.76468101227925256e-01 1.47272641832949039e-02
6.00279007281402599e-01 -5.30016777978963627e-01 9.14752785353886710e-01 4.78105704856913311e-02 -7.99167129027815504e-01 -4.71354300251720870e-01 -2.59617290181616611e-01
1.13522609917053402e-01 3.82527852307495642e-01 -7.94678548466879353e-01 2.25459264151448180e-01 8.59709768458041812e-01 6.65630253870690303e-01 1.40441516184618753e-01
4.16005960730040855e-03 -8.10646431727809591e-01 -8.43613292594870168e-01 4.87623340731090482e-01 5.36422797710872756e-01 -6.08981801187371219e-01 1.37113170484731262e-01
4.73224050279444017e-03 3.14548348708385828e-02 1.12057137901614756e+00 -3.52143035742417433e-03 -8.50496030966881311e-01 2.17934103667875245e-01 -3.52011233733916684e-01
4.27396405868044754e-03 -7.47344631458320974e-01 -5.07729367146347380e-02 2.44145138048996631e-02 3.45661879673391848e-01 -1.11051988371357768e+00 -5.98191815981728575e-02
1.88614760639193137e-03 -5.84874094527478294e-01 -5.91420848246212216e-01 -2.52361115820565418e-01 4.60855412347182025e-01 -8.37513594442205633e-01 3.83715563485514166e-01
3.45580507690441296e-01 -4.41909315446737561e-01 -2.65682673920948735e-02 3.41450243457225092e-02 5.20351524532216780e-01 -1.65839198868578364e+00 6.17992144378668562e-01
3.26203071838891950e-03 4.66146430347099128e-01 6.09442968808090901e-01 -8.06190725150614175e-04 -6.87896675517223222e-01 8.95624087380116896e-01 2.70690915777510199e-01
9.24004376751013379e-02 1.16908203909866870e+00 -3.26856133513741764e-01 3.93541955755101980e-01 1.36976749325145419e-01 8.08453878707724005e-01 4.39089169157254738e-02
8.32595295059075473e-03 -1.08791287942726234e+00 1.11649477382765441e-01 -2.69015674084254419e-01 4.55617844141625039e-01 -8.07924092354299406e-01 7.28425978198720819e-02
4.08072328263385433e-03 3.05758122214832451e-01 -1.02595941380637945e+00 -6.64050205478047134e-02 8.19164936921031206e-01 2.69723782422118863e-01 6.70155029486516479e-02
3.28349147540738170e-02 4.45041793126914720e-01 7.18426216317145983e-01 -6.66205310623131652e-02 -8.01419143944979373e-01 6.30564461943940002e-01 -6.39674872745541884e-02
2.28130357739837926e-03 1.97046137002569038e-01 -8.78329163376301847e-01 -4.73149726873846099e-01 8.36439117019138423e-01 4.02901407220507657e-01 -4.79620891122130188e-01
2.48505476696852912e-01 7.66993294161138706e-01 8.23846602578919840e-02 -2.36929496065031442e-01 2.76823011704075694e-01 1.05328794218452426e+00 1.63958216160783460e-01
2.04915704441148844e-01 -1.10084250302653741e+00 4.94361720627699008e-01 3.23412706636430680e-01 -3.52652638386198258e-01 -6.75118483907506950e-01 -3.23625413728768019e-01
1.75246160513405809e-02 3.72006647206753027e-01 5.58482405420949402e-01 -3.96554091504284612e-01 -9.04244441486696804e-01 6.42835837278574518e-01 6.65597651865115214e-01
4.05208371353576013e-01 5.61252593762785135e-01 -9.92718841798409968e-01 1.41947839121942671e-01 5.68876323271096052e-01 6.61287353566499925e-01 2.69024184988178094e-01
1.93134585984744339e-01 -6.43628482827743986e-01 -5.26394508594728583e-01 -1.99428110046262319e-01 9.14742375242437733e-01 -6.72182301349707134e-01 -2.68076444461201435e-01
5.64851410704677540e-03 6.89832747819750514e-02 -7.91687938306099737e-01 -1.11634749711987918e-01 1.06838526302541781e+00 -9.71900205675997192e-02 1.32314755122058370e-01
2.81223212362637824e-03 -5.60854197845192526e-01 -5.39890398849286135e-01 1.43825229875167881e-01 1.03435389874255979e+00 -5.09357567227585517e-01 4.69628866068680512e-02
2.05603999327968329e-02 -6.51951833599652031e-01 9.06676123311578208e-01 -1.29122954216643521e-01 -5.31178911235179352e-01 -5.72498066507431402e-01 1.14551172666094769e-01
4.63520044449146518e-01 -3.87854377724023494e-02 1.27742389965450553e+00 -2.01318855184391243e-01 -6.59844925012501249e-01 4.86028713352925495e-02 -1.55997478700478448e-01
5.77993642308332389e-01 -6.95233268922010539e-01 -3.35538704899968716e-03 3.31173772706239242e-03 -3.65442232239977960e-01 -1.27130736531180566e+00 3.72247319153517164e-01
5.67288409059215487e-02 -2.21501834602137959e-01 -1.41994219341103545e+00 -1.59066097977524329e-01 7.56678953665014697e-01 6.48824315610601887e-02 1.03771194750570173e-01
4.51616620561200791e-02 5.54574974793384579e-01 6.85259165861527464e-01 3.22555032779749673e-01 -7.55222576736024664e-01 7.79182741613833496e-01 4.00327051889670216e-01
1.00086530863045860e-02 -1.05899106512500740e+00 -4.38721215175580603e-01 -5.22036664910688231e-01 3.58409134565675025e-01 -8.05430055862701333e-01 -1.16958954538851620e-01
2.76729624841546840e-01 1.52323983890553932e-01 7.53156416450404653e-01 4.21866278086087121e-01 -1.04332854969025512e+00 2.27048046653932550e-01 -2.78600025322309486e-01
1.94859315537363360e-02 -1.14460851390724838e+00 -1.27635041241865171e-01 2.96720203857081977e-01 -1.12055126013926490e-01 -8.52388418546322302e-01 -6.18328523466666058e-02
2.20986510277127682e-03 5.08401500389994654e-01 -5.45763891915241883e-01 2.79933427852000094e-01 8.30076218410408684e-01 7.08788035121978410e-01 -1.29187414354803631e-01
2.56714390245320612e-01 9.54453325621326398e-02 1.36713712930502562e+00 -1.85565688633676729e-01 -6.51680820758741675e-01 2.53144425407585527e-01 -1.68091372953956653e-01
3.56287803510321526e-03 -9.59633866266292462e-02 7.15631490472045440e-01 1.72620301672748278e-01 -1.24191086595950417e+00 -1.76278107106984966e-01 -9.18863574462429750e-02
8.76809957000040247e-02 -1.20457367739794341e+00 -1.38995733909586555e-01 4.17053473549631015e-01 -2.43437551003108411e-02 -6.51285979342232091e-01 1.15351361059893749e-02
1.27796981878247149e-02 -8.06316906972709635e-01 -8.23069844719240606e-01 -2.01039442880924735e-01 5.58341477827360655e-01 -4.78098370727949862e-01 6.68338853954243556e-02
3.14594822478040312e-02 1.71449147887722475e+00 -3.97999554265144662e-01 1.87411520732412962e-01 1.93868715569437911e-01 5.00235293510362888e-01 -5.09608864184763477e-02
6.30364884206245368e-01 -3.41183413206429975e-01 -1.02549588926007051e+00 7.52416219388782614e-02 6.68108784910386500e-01 -3.53950793417323273e-01 -2.69175173946676227e-01
7.07021744881801473e-01 8.65491168720904258e-01 5.88233457413141703e-01 -1.56416744838435345e-01 -7.02411277167978021e-01 4.90079185850701926e-01 4.80718024876900865e-02
1.35490849746928321e-01 1.06870045909273159e+00 4.58896849095944193e-01 -3.82048342106896810e-01 -1.91210369014233966e-01 8.07948589853094701e-01 1.17315561880781974e-01
1.25866695467641027e-02 -6.47267135049831688e-01 -1.88805375951743848e-01 -1.11022014844988914e-01 -1.44177113054761191e-01 -1.19205722238719369e+00 3.17796604195265009e-01
3.03617983985948053e-03 -1.10862766936515134e+00 9.01062653806209535e-01 -9.55066306917623509e-02 -3.79566883555978563e-01 -4.52666983921327981e-01 8.13785551938708135e-02
3.30004154144433477e-03 3.25930409866307724e-01 -9.46724135633650432e-01 7.12429136486263104e-03 7.42410050031584001e-01 3.57954001903574459e-01 4.06003402683854875e-01
2.95381931640639707e-03 -7.65502482525990957e-01 4.63091117156661514e-02 -3.58054221507865422e-01 -3.28308298275740651e-01 -1.09320064769487968e+00 1.16742491768563578e-01
2.79094150280944676e-02 -6.86669489801398192e-01 1.80419562755262763e+00 5.75825435179466494e-01 -3.81814949561355699e-01 -2.58248058289562432e-01 5.80471908050944965e-02
2.75413109394699283e-02 2.41828620719957643e-01 6.25789033134040884e-01 1.23381853001431077e-01 -1.18664383463316314e+00 2.67262673976138343e-01 -5.96672787528907178e-01
1.69124702534613654e-03 8.82307807793841326e-01 1.02633473703727751e+00 -2.12586862347903832e-01 -6.57596320255608657e-01 5.03946435502105161e-01 -2.22245165133515762e-02
1.50648491601027522e-03 -2.95226993529391808e-02 7.96303404541657156e-01 -1.63355602653575127e-01 -1.06294147239370118e+00 -2.01342844791374959e-02 -3.59088369213953817e-01
1.88365595327046664e-01 8.43604774474734698e-01 7.73454770262309022e-01 -1.78661858962069431e-01 -6.46631152231129769e-01 3.66506813850378532e-01 -1.32144859249478747e-01
1.21886779633653634e-02 6.34952483635590204e-01 -7.14680663370248048e-01 1.39255472419258175e-01 7.77102940241282014e-01 4.57852673002296151e-01 -1.42550207823751635e-01
2.27623708885972165e-01 -1.52449247664482979e-01 5.34688320382955995e-01 3.81955979291550701e-02 -1.56304195005207602e+00 -5.23785451396773308e-03 3.56295273138262869e-01
7.69568671468192966e-01 -5.69484129484295720e-01 -4.59662984102748307e-01 -2.22379616801037044e-01 7.24260392675812770e-01 -6.20994417546196997e-01 -8.30982044034831890e-01
5.59131954497986000e-02 8.07916562021246176e-01 -3.66681463291884502e-01 2.48828449193796764e-01 -6.82611112460282526e-02 8.38675679257158802e-01 4.33373207811798666e-01
2.32484147835582106e-01 5.92763267843130381e-01 8.71689236852852156e-01 -1.41635580911485343e-01 -8.59430694297124154e-01 2.94209706865547538e-01 5.90872276468059343e-02
2.91760220568127587e-02 4.52368844859811214e-01 -4.06380376151901312e-01 2.93469156555600207e-02 1.31945046992528092e+00 5.80676738089306643e-01 -3.62440141913039415e-01
1.94265417863893862e-02 -2.43270609857292958e-01 -7.24529777586469526e-01 -2.21328664823925325e-01 1.03909474281473191e+00 -1.68522297772683044e-01 1.59302571658494346e-02
3.41809562733741412e-02 -9.89746374395444661e-01 4.71110853706641297e-01 2.05089488236127535e-02 -5.21985649801571805e-01 -8.09828616931659195e-01 9.63512109112640847e-02
2.17429602486769374e-01 -7.47182331628615248e-01 5.49204372856502365e-01 -1.11254321400092821e-05 -4.72213014391813901e-01 -8.57011659903880174e-01 4.26599126029037767e-02
1.76499019388752054e-03 -5.92548332614968420e-01 5.05841847959178303e-01 -9.19452050343524258e-02 -7.54959660419361023e-01 -8.21384500340229917e-01 -1.66622105057387948e-02
5.10179587308222035e-02 5.23186102219152183e-01 6.16921651904007162e-01 3.08948649305532008e-01 -6.63315977708679450e-01 1.02515094254845329e+00 2.20179813544929270e-01
2.85762979496196230e-02 1.15887396736314763e+00 -6.37919039678731981e-01 2.57388542869308623e-01 3.61815500317987315e-01 4.41753176958018356e-01 -9.64093448682113302e-02
4.62477132091501597e-01 -7.03945970759743744e-01 5.58519084785733089e-01 -1.60905048663434219e-01 -4.98053738187976269e-01 -8.35407051819609947e-01 1.41448331306189473e-01
2.89979264397388636e-03 -1.07011883535261942e+00 2.26965486839575542e-01 9.44483077997833875e-02 -9.05708635768074366e-02 -6.72777716000293236e-01 1.01004688646641069e-01
1.82834746413432507e-03 -1.07910525860226161e-01 1.75702642709852852e+00 -1.23849090734460016e-01 -4.69107419071098486e-01 2.08389435167691539e-01 1.94617274398832474e-01
4.98871883572493124e-02 -1.35795472495723724e+00 2.34924721251749735e-01 4.08287417868953117e-01 -2.05151704036508092e-01 -7.26888834598413136e-01 1.92234985219629367e-01
5.05206721256759139e-01 -7.14145207800134352e-01 -1.22535059664240942e+00 1.08759421468363787e-01 4.49548943542850021e-01 -5.30909708148137982e-01 -1.56108256268376044e-01
1.39741399672434923e-03 -5.41864733471314697e-01 4.55895837322556785e-01 -1.26930239532814237e-01 -9.62406472054253004e-01 -9.18062675924384730e-01 -2.75152069779226127e-01
2.74388843554201596e-03 -3.07064775554268254e-01 -8.75309044849166162e-01 3.93539808604962543e-02 9.20204522944507275e-01 -1.93306128097843061e-01 5.63630175978238473e-02
2.14315647025191611e-02 -1.29671110060926659e-01 1.11297321189814746e+00 2.87181510527071034e-02 -8.99296178732617801e-01 -3.55724873882096781e-01 -3.77493794963666141e-02
7.75022256677022847e-01 -5.01491781219529198e-01 3.61629789280399627e-01 -7.20914050964454201e-03 -8.99785410768087379e-01 -1.01041562630820758e+00 1.14279234940810770e-01
2.84003017289470652e-02 6.45832697215375395e-01 -4.69676222469583682e-01 -3.09674281160863929e-01 8.98558932395866816e-01 4.48535760349098367e-01 9.38898999914689891e-02
7.78768614492515110e-01 -2.25871050153015673e-01 -1.45073070502081647e+00 7.53604680098993507e-01 5.40323447073703722e-01 -2.75067673841120464e-01 -2.19334668008216827e-01
5.51354605816761680e-03 1.16290421971942060e+00 1.16997240254477264e+00 1.44765348123700871e-01 -5.27021601495884062e-01 3.63546456202760326e-01 -1.19138352073230157e-02
1.70259672218584263e-01 6.48935768400312418e-01 -2.93929679268334687e-01 -2.32049231935936018e-01 2.22048177919817208e-01 1.09587317843492538e+00 4.50530143502913816e-01
7.74505851753811703e-02 -6.18620668373692228e-01 5.33200311587922582e-01 -1.49163436969818371e-02 -8.32570123441943366e-01 -8.16292349215978041e-01 -2.36875085536927849e-01
5.30813920876226919e-01 -9.32963775014541974e-01 -5.68335823841554788e-01 3.47209507544476215e-01 4.36759900913194110e-01 -4.84638612983429973e-01 2.41423950832152762e-01
8.09936513011728365e-02 1.14811274681257469e+00 -1.36668444256743571e-01 3.23850918256777698e-01 3.63534588474736797e-01 7.77139272395024894e-01 -3.02073460650238101e-01
6.63642594100830735e-02 -5.72861125198699916e-01 4.20760623818934698e-01 -3.42989492280881547e-02 -6.94714883348351853e-01 -1.03112300349870556e+00 -1.65458454069648347e-01
1.17767304616259207e-02 -2.07061031055610467e-01 -6.64149666461463895e-01 -1.86866529795600145e-01 1.31550905747508495e+00 -1.29303318731203043e-01 -2.05929312629445943e-01
4.34534503865460706e-02 2.54789128280895338e-01 -1.04904861617685641e+00 7.72576716238821629e-03 7.03200486747451503e-01 3.02703748035025533e-01 -2.21522868740041852e-02
3.97702157620549224e-01 1.06497549348353560e+00 3.19653043369883538e-01 -5.89216726944907232e-01 -4.84973698393239172e-01 6.03100985008471979e-01 9.57424065362319915e-02
2.26479217536899730e-02 5.14711658724054555e-01 4.30980962767480019e-02 -3.10571844214448181e-02 -7.04334699586988688e-02 1.59587811204203134e+00 3.62646767250496965e-02
2.50071257551231114e-02 5.14460392279247225e-01 1.03512491544488650e+00 -2.25411391360696822e-01 -7.72859831249048557e-01 3.21135220684130362e-01 6.97552356805231089e-02
3.01353295052157084e-02 1.07956301579409963e+00 -3.18810811438857075e-02 2.78877608132744981e-01 -2.04426615496750591e-01 8.10225770460655359e-01 -1.13935652924769024e-01
7.75870649327583678e-02 -6.97812811324713733e-01 2.64184392660099021e-01 -7.91522590357940092e-02 -7.43835515370523059e-01 -7.66489998299777153e-01 -4.67357716015544211e-01
1.61170096053785059e-02 -5.29577007690925194e-01 3.30376816236368998e-01 -1.74371497495892230e-01 -1.03789517742341708e+00 -8.31903956423167501e-01 -3.73132802277346409e-01
2.39382353014791580e-03 1.51310082912030242e-01 -9.27032231958628494e-01 3.98974831032721022e-01 8.71243102476797038e-01 2.05190692754816550e-01 1.63756747089773252e-01
1.98842007519061791e-03 -7.31956223527421179e-01 5.02954893461314723e-01 9.83694835121964456e-02 -3.52482250174672496e-01 -9.25179578786509360e-01 -1.37878281328669833e-01
1.05964973659237825e-02 -1.07029912159778728e+00 -2.00636417182078558e-01 -4.06528002230443830e-01 -1.58410498247678388e-01 -8.99683876846021580e-01 1.88708896912385266e-01
4.19398552148939618e-02 9.43282742010080444e-01 -9.62422998657401774e-01 -1.56550121807584625e-01 4.41127714390839698e-01 5.65702527337324734e-01 3.75255237395297980e-01
5.39075934116097555e-01 9.66281179778429755e-01 -3.00836580613072280e-01 9.49379780417214936e-02 4.54708810535004004e-01 6.22727238794023363e-01 1.14953952449235980e-01
3.07690300113236739e-03 1.06341238406672978e+00 1.03436116381549259e+00 2.37638323393118307e-02 -4.65780639125308871e-01 3.13067095893622138e-01 -2.63389904963142518e-01
4.24116774032698776e-03 8.28707197633251735e-01 -7.39275751097392186e-01 -2.42373607186095776e-02 3.90238850750974808e-01 4.82781607874051832e-01 -5.67943444567408973e-01
3.55489027077877766e-03 5.51150652333483593e-01 1.19781975859191939e-01 4.08812441376820851e-02 -3.26142829998882389e-01 1.43224476436303427e+00 -1.47532739853101641e-01
6.66582589907992462e-01 4.63553341995510126e-01 -7.93573844185269772e-01 2.47869676308990261e-01 7.83918923787126021e-01 4.31390864551801256e-01 -2.91389652522560071e-02
1.96774016968703884e-02 -9.77371593261451732e-01 -5.57814971198500542e-01 -5.72575153918104610e-02 6.01359759243727865e-01 -4.44289723820843530e-01 1.77022188347047832e-02
1.25781063789613245e-02 5.51881000271668309e-01 -1.23102070463962554e+00 -9.23701616631197459e-02 7.91714804250423843e-01 2.47155544525309440e-01 1.08094963951451975e-01
1.08712692439426957e-03 -7.71355304727851854e-01 3.57522924196072289e-01 -3.00897956499813664e-02 -3.11108372294089164e-01 -9.91756166986988763e-01 -1.59422419041656133e-01
2.78920300146791346e-02 -9.42305507833181899e-01 -1.06488765110795747e+00 2.54874228693592220e-01 4.48074048540137715e-01 -5.65783738713186102e-01 -8.12420947064699944e-02
3.25559007421872895e-02 -5.62784606153925226e-01 6.56675973485905118e-01 8.26156663268088204e-02 -9.90244743201862065e-01 -1.98869196809855264e-01 2.41167964858864048e-01
2.44661133500307954e-03 -1.34375154003451525e+00 6.21356114183576613e-01 4.53953874099041810e-01 -1.04180519912040498e-01 -6.53560957397741338e-01 2.50230360445772432e-02
1.03919112184504038e-02 -9.65922980062584924e-01 -3.50692123650474863e-01 -2.70533227970175316e-01 3.63575842931577242e-01 -6.09121586954447847e-01 8.38365981189298504e-02
2.09108928412106571e-02 7.80833771819166800e-01 4.60781870998770604e-01 5.59458898607880905e-03 -6.26075842108810621e-01 8.09297012160606788e-01 1.82789235516296250e-01
7.56892619335416544e-02 9.11171697503978084e-01 -4.81949900053474489e-01 1.88382768254039268e-01 5.10711833683538230e-01 7.89418130259666007e-01 -2.93401403588478937e-01
3.88093163170772238e-03 -1.04610712247419824e+00 -1.36745128025244034e+00 9.61917750698235818e-01 3.33541620116060700e-01 -2.19956406695984763e-01 -8.52553840303129223e-02
3.04308643481676078e-01 1.08280207545038665e+00 4.68710057533927138e-01 -1.15949262846919324e-01 -1.09954877625240491e-01 7.29640991127194383e-01 2.92949324158618907e-01
7.02922793703826543e-02 1.00752743175178772e+00 -1.13534977984665941e+00 1.67459481260619159e-01 5.73543026663078215e-01 4.09961215975571558e-01 1.60254744839033653e-01
1.26139829639323048e-01 -7.51996704879103306e-01 2.24708740359741033e-01 1.43488515696517355e-01 -2.17830831496659688e-01 -1.14002724581692472e+00 2.05323668934456971e-01
1.26737545698969362e-01 -5.64038450334345742e-01 6.39626441757934705e-01 -2.26296772187069728e-01 -4.74782508489318189e-01 -1.02443942030439961e+00 -4.29843020482017224e-02
3.43805379626816159e-03 6.02039189663967078e-01 3.26405379022523326e-02 -4.66790388516732713e-01 4.92637026027409608e-02 1.18733512849901035e+00 4.15238920362553318e-02
4.63767084492080692e-03 -9.28660805954014235e-01 4.77615609982411038e-01 -1.65713347695108038e-01 -4.06371569194889759e-01 -8.05488792465911430e-01 1.66372020357376471e-01
4.40851234479551421e-02 -5.12543643029170215e-01 -1.02967439423808149e+00 -2.98493933984706680e-02 5.53007287447818463e-01 -4.90675350743753180e-01 2.63373901643290609e-01
7.47006019629797846e-02 -9.82015672688669600e-02 7.09706689191886508e-01 -4.93591043248157224e-01 -1.19202452707589113e+00 1.61636089731136134e-01 2.22648249942787674e-01
2.12895760118895494e-01 -5.89833264807679170e-01 7.16305379198807657e-01 -1.61745500166725731e-01 -8.15401245483991177e-01 -6.40845070338470157e-01 8.76997221243755454e-02
4.79896328109127995e-02 3.56492574309731025e-01 7.19071779518492549e-01 2.97081805057440973e-01 -1.15283105272769815e+00 7.27360812875592067e-02 3.62614002600040397e-01
2.13305738999057221e-01 -6.09818660295134499e-02 7.87991418512373087e-01 4.27586050518595384e-01 -1.02640250791112808e+00 4.11235741264581456e-01 1.27851128046292062e-01
1.76040757904201667e-03 -5.81929726239657774e-01 -4.63208589379159874e-01 -4.23144834366598055e-02 6.38112548740220609e-01 -6.70000283898421700e-01 -6.79104493674281606e-01
3.13804088669071210e-02 -2.87977270029567745e-01 -6.00805262563246845e-01 -1.22876700744291814e-01 1.17850408241984894e+00 -6.40085619740843881e-01 1.49900561376721548e-02
2.62150599466471970e-02 5.35147113084582515e-01 -5.73563608788399182e-01 2.46554218607498266e-01 6.19201670288181183e-01 8.35753745289043448e-01 3.92510992039707907e-01
1.01836171089113581e-02 2.92220528009522029e-01 5.09991605951878757e-01 -3.56164985974609827e-01 -1.30120812463415314e+00 -1.88137650394073347e-01 -3.86180872343639412e-03
3.87333250274032106e-02 -2.65932076386554998e-03 9.32322195446201984e-01 -1.99627430292104419e-01 -8.98328318602469755e-01 -3.87068654704036563e-01 -6.64738528658722072e-02
1.08846961584046480e-02 4.34231444547761525e-01 4.35351560492566514e-01 -1.79039024756745324e-01 -1.02319744753901909e+00 8.49726178222358075e-01 -6.83691826788307699e-02
3.69471836482009605e-03 3.50418256453332744e-01 2.94178679685046796e-01 1.40888243544661257e-01 -1.12785673805316411e+00 1.10191945086255227e+00 9.25895447668673821e-01
9.37627991067871945e-03 9.07938527653959909e-02 -7.54211872908901459e-01 -1.59279611184653724e-01 1.08985237611905883e+00 -9.04311632338964944e-02 5.13280518842666317e-02
3.49142470467005001e-02 -8.27331424866164733e-01 -3.09527365946167698e-01 -3.62329625427851076e-01 4.86416983275288206e-01 -9.43889353585624757e-01 -7.48691445415145124e-02
1.51186942999825425e-02 5.28095985619206010e-01 6.41678765696726661e-01 1.25374967119020658e-01 -9.30480404132618233e-01 6.50275346551125399e-01 8.15564039604826096e-02
dt_snap         1.0
